
1 87.629516
2 91.490612
3 91.890612
4 92.090612
5 91.490612
6 91.700134
7 93.132142
8 91.490612
9 91.490612
10 91.490612
11 91.490612
12 91.912404
13 91.890612
14 91.490612
15 91.490612
16 92.64704
17 91.490612
18 91.972379
19 91.490612
20 91.490612
21 91.490612
22 91.490612
23 91.490612
24 91.490612
25 91.790514
26 92.04704
27 91.490612
28 91.490612
29 91.490612
30 92.131096
31 90.072124
32 92.601503
33 92.04704
34 87.629516
35 93.132142
36 91.956575
37 91.969562
38 92.45124
39 88.016393
40 91.490612
41 93.33194
42 91.976119
43 91.64704
44 92.250924
45 92.24704
46 92.640945
47 91.768891
48 92.690612
49 93.202788
50 92.04704
51 92.612614
52 92.250924
53 91.490612
54 92.290612
55 91.490612
56 92.04704
57 91.490612
58 93.207043
59 90.84704
60 89.53194
61 87.891732
62 92.690612
63 87.652892
64 87.629516
65 91.918596
66 91.490612
67 91.912404
68 88.016393
69 91.24704
70 91.490612
71 91.64704
72 91.490612
73 91.490612
74 92.172379
75 91.490612
76 93.202788
77 92.801503
78 91.490612
79 92.375982
80 91.490612
81 91.918596
82 87.629516
83 91.490612
84 91.490612
85 91.490612
86 87.629516
87 90.84704
88 93.002788
89 91.490612
90 91.572379
91 91.637155
92 91.490612
93 91.490612
94 91.490612
95 91.490612
96 92.24704
97 91.490612
98 91.490612
99 91.490612
100 91.490612

gen best
1 87.629516
2 91.363047
3 92.731096
4 87.629516
5 92.937405
6 87.629516
7 91.490612
8 92.04704
9 88.429516
10 92.332142
11 87.629516
12 92.090612
13 92.290612
14 92.64704
15 91.482006
16 91.490612
17 87.923536
18 87.629516
19 91.490612
20 91.062462
21 91.490612
22 92.658358
23 91.490612
24 91.490612
25 91.763558
26 91.912404
27 91.490612
28 92.64704
29 90.629516
30 91.747727
31 92.658358
32 87.629516
33 92.690612
34 91.900134
35 91.785064
36 88.029516
37 87.629516
38 89.650924
39 90.168891
40 91.790514
41 92.690612
42 89.867281
43 88.029516
44 91.690612
45 91.490612
46 92.64704
47 92.050924
48 89.366278
49 91.490612
50 91.490612

gen best
1 87.629516

gen best
1 92.801503
2 91.490612
3 91.490612
4 91.490612
5 91.490612
6 91.888012
7 91.490612
8 91.543754
9 91.490612

gen best
1 89.719361
2 91.490612
3 88.850924
4 91.918596
5 90.84704
6 91.490612
7 92.93194
8 91.494668
9 91.490612
10 91.747727
11 91.490612
12 91.490612
13 91.924826
14 91.490612
15 91.490612

gen best
1 91.572379
2 87.737405
3 91.490612
4 91.490612
5 92.24704
6 92.290612
7 87.629516
8 92.250924
9 92.189365
10 90.790514
11 92.04704
12 92.202788
13 91.490612
14 91.876036
15 91.490612
16 91.490612
17 90.84704
18 91.490612
19 92.090612
20 92.64704
21 92.64704
22 91.490612
23 91.490612
24 91.490612
25 91.888012
26 89.896695
27 92.467281
28 92.690612
29 92.658358
30 91.490612
31 91.490612
32 92.33704
33 91.490612
34 92.13194
35 91.572379
36 91.490612
37 92.050924
38 91.490612
39 91.84704
40 91.490612
41 92.678539
42 90.761645
43 91.924826
44 93.002788
45 91.490612
46 91.490612
47 91.490612
48 91.490612
49 92.64704
50 92.290612

gen best
1 87.629516
2 87.629516
3 91.490612
4 91.912404
5 92.64704
6 91.490612
7 91.912404
8 91.490612
9 91.490612
10 91.490612
11 91.490612
12 91.490612
13 91.490612
14 92.53704
15 91.490612
16 92.536168
17 91.490612
18 91.490612
19 92.572379
20 91.490612
21 92.690612
22 91.490612
23 91.490612
24 91.490612
25 91.924826
26 91.490612
27 92.172379
28 92.596054
29 91.490612
30 93.002788
31 89.169562
32 88.44704
33 91.490612
34 91.490612
35 87.73704
36 91.490612
37 92.596054
38 88.272746
39 91.918596
40 91.45124
41 92.189365
42 91.602788
43 89.844173
44 91.490612
45 91.490612
46 91.490612
47 91.658358
48 91.490612
49 91.490612
50 91.490612

gen best
1 90.972379
2 88.429516
3 91.989365
4 91.490612
5 91.989365
6 92.835214
7 91.490612
8 91.969562
9 91.989365
10 91.490612
11 88.429516
12 91.98272
13 87.629516
14 87.891732
15 89.13194
16 90.84704
17 91.931096
18 91.785064
19 91.894055
20 91.490612
21 90.84704
22 91.490612
23 91.490612
24 92.737405
25 91.969562
26 87.629516
27 91.490612
28 91.490612
29 91.763558
30 91.490612
31 87.629516
32 87.629516
33 91.490612
34 91.931096
35 91.490612
36 91.890612
37 91.924826
38 91.779644
39 91.790514
40 92.04704
41 92.45124
42 91.490612
43 92.04704
44 91.490612
45 87.629516
46 91.490612
47 93.002788
48 91.989365
49 91.718596
50 93.050924

gen best
1 87.629516
2 91.490612
3 91.924826
4 92.64704
5 93.409567
6 92.290612
7 91.572379
8 91.969562
9 91.490612
10 91.772379
11 88.570654
12 90.407043
13 87.809567
14 92.290612
15 91.490612
16 91.890612
17 91.572379
18 91.73704
19 91.490612
20 91.490612
21 91.768891
22 91.490612
23 92.690612
24 91.490612
25 91.912404
26 91.70625
27 91.490612
28 91.490612
29 91.490612
30 91.490612
31 91.490612
32 91.450924
33 92.24704
34 87.629516
35 91.969562
36 90.73704
37 92.690612
38 87.629516
39 92.64704
40 91.568891
41 91.490612
42 90.84704
43 91.918596
44 91.969562
45 87.629516
46 92.64704
47 91.490612
48 91.490612
49 87.629516
50 91.490612

gen best
1 57.206986
2 92.04704
3 91.090612
4 91.490612
5 91.490612
6 87.629516
7 91.490612
8 91.989365
9 91.490612
10 91.490612
11 91.876036
12 91.490612
13 93.002788
14 92.73194
15 91.490612
16 91.490612
17 91.490612
18 92.212614
19 91.768891
20 92.658358
21 91.490612
22 91.490612
23 91.490612
24 91.976119
25 91.969562
26 91.490612
27 92.24704
28 91.969562
29 91.490612
30 91.490612
31 91.048142
32 92.801503
33 92.250924
34 91.785064
35 91.969562
36 92.250924
37 91.490612
38 89.896695
39 91.490612
40 91.490612
41 91.490612
42 87.629516
43 87.629516
44 91.931096
45 91.790514
46 91.490612
47 91.490612
48 87.629516
49 92.801503
50 91.572379

gen best
1 3
2 7
3 14
4 15
5 20
6 3
7 28
8 21
9 16
10 24
11 8
12 3
13 20
14 14

gen best

gen best

gen best
1 87.629516
2 91.401503
3 91.490612
4 91.490612
5 92.572379
6 92.050924
7 91.490612
8 91.972379
9 91.490612
10 92.13704
11 92.24704
12 91.490612
13 91.490612
14 91.924826
15 92.04704
16 92.45124
17 91.768891
18 91.490612
19 92.24704
20 91.490612
21 92.690612
22 91.490612
23 88.429516
24 91.572379
25 91.490612
26 91.490612
27 91.779644
28 91.490612
29 91.490612
30 91.490612
31 93.002788
32 91.969562
33 87.829516
34 87.870411
35 87.629516
36 92.937405
37 88.016393
38 92.250924
39 91.490612
40 91.490612
41 87.891732
42 90.537405
43 93.207043
44 91.490612
45 89.618216
46 91.490612
47 91.912404
48 89.723536
49 91.912404
50 92.45124

gen best
1 92.250924 20.473565 40.029977
2 91.490612 19.981067 31.487677
3 87.629516 13.92305 30.917338
4 87.629516 15.169594 31.203765
5 91.490612 28.319606 38.152461
6 92.690612 32.865979 39.410293
7 92.64704 30.181312 39.726029
8 91.912404 50.095827 40.319541
9 92.290612 29.038145 38.674776
10 90.776119 37.077899 39.192342
11 91.490612 35.552684 39.845851
12 92.690612 41.78098 39.738575
13 92.13194 37.878604 40.738869
14 91.490612 47.342775 37.381461
15 92.73194 59.744182 37.85414
16 92.212614 54.233494 37.740834
17 91.779644 45.172875 43.422629
18 92.64704 38.957704 40.493659
19 88.370654 50.390688 36.65445
20 90.172379 44.278249 37.838689
21 88.429516 43.592458 42.595068
22 87.629516 42.639137 34.787417
23 89.519361 49.097735 38.840781
24 92.007043 46.551899 39.751999
25 88.072746 48.990127 38.08441
26 91.969562 58.073886 35.595634
27 93.002788 39.320358 41.39598
28 91.924826 50.90951 34.46731
29 93.207043 45.284161 42.914062
30 91.890612 46.529774 41.1183
31 92.572379 57.656545 39.333629
32 92.937405 27.886912 39.091747
33 92.131096 41.649736 38.749431
34 91.490612 34.135847 42.247079
35 91.490612 40.809469 37.98568
36 91.924826 43.898489 40.005614
37 91.490612 35.59961 42.387257
38 92.250924 29.201526 37.176666
39 91.490612 39.944167 36.952879
40 91.490612 37.408509 32.480152
41 92.250924 41.709986 36.854827
42 93.202788 35.306512 38.418858
43 92.596054 33.194499 37.116268
44 91.490612 43.870081 37.720644
45 92.658358 45.198729 36.776843
46 91.490612 52.18309 35.32579
47 92.250924 38.619524 40.263745
48 91.490612 39.394063 38.506334
49 91.490612 50.71526 41.194795
50 92.64704 46.665389 36.572554

gen best
1 91.490612 8.894104 27.437365
2 91.490612 22.789149 34.182559
3 91.490612 47.391994 42.179122
4 91.490612 60.069619 33.915267
5 92.572379 64.938721 26.903864
6 91.490612 61.172682 27.083007
7 91.490612 79.098843 20.32093
8 92.612614 73.677847 21.277972
9 91.490612 75.817361 19.589861
10 92.690612 71.535189 25.226178
11 91.490612 74.524468 20.111106
12 91.494668 80.311898 18.347203
13 92.172379 75.789454 25.485343
14 91.53704 87.641625 10.884815
15 92.572379 88.10848 15.88895
16 91.918596 88.216595 17.458745
17 91.490612 90.546588 3.10187
18 91.490612 85.479818 14.033876
19 91.490612 87.668412 14.573032
20 92.44704 85.39475 20.077268
21 91.490612 88.583381 10.792476
22 91.490612 90.047723 7.770195
23 91.490612 90.62627 4.536582
24 92.690612 88.668647 15.869315
25 92.690612 89.060477 9.79387
26 92.690612 86.475099 18.736998
27 92.690612 81.224569 19.269329
28 91.972379 88.418856 10.803348
29 91.490612 80.600377 28.881639
30 92.64704 91.331574 1.091094

gen best
1 17.432369 -2.606516 5.74945
2 17.608527 -0.160579 7.446588
3 23.262364 0.230293 7.261871
4 17.684734 0.270969 6.241287
5 20.155425 1.624703 7.264742
6 25.142919 5.933956 6.80268
7 20.95061 4.936781 8.907838
8 44.738164 12.277795 8.704521
9 19.874253 11.313571 7.779958
10 30.69283 13.959059 8.442467
11 22.994408 15.460239 5.395889
12 20.944299 15.826084 3.14288
13 24.912165 15.456368 4.823056
14 34.298903 17.460015 5.354749
15 24.380525 14.308209 6.097434
16 27.774748 14.512582 6.784053
17 34.76072 16.943801 3.874261
18 24.735948 16.278503 2.562595
19 21.64182 16.733657 0.950208
20 32.43911 17.073218 2.858195
21 24.962583 16.46208 3.040388
22 22.122078 16.483229 1.928701
23 22.272908 15.440025 4.978306
24 32.748551 16.16515 5.033728
25 16.533664 15.829299 2.548303
26 20.762376 16.310368 2.039023
27 21.666129 15.058944 5.909404
28 16.515117 16.515117 0.0
29 16.515117 15.472533 3.900995
30 16.519702 16.352066 0.87891

gen best
1 22.329099 -3.042248 6.622816
2 16.515117 -2.555317 6.211417
3 37.183884 -0.418237 8.932478
4 16.56257 -0.258664 7.597924
5 42.911521 1.957766 10.101546
6 17.410254 2.204177 6.98064
7 28.074741 2.432412 8.325125
8 21.680268 4.023256 6.048435
9 41.166534 5.076273 11.114565
10 27.061387 7.384263 7.394546
11 35.551873 7.204482 10.450068
12 30.749048 8.388959 10.287268
13 31.03442 10.441701 8.998784
14 27.915661 11.865564 8.514429