4.757566000922765492e-01
4.523907140335489130e-01
9.188856740868686090e-01
6.847478990176120162e-02
8.910895703992475214e-01
-9.441317361874510539e-01
9.550696216483500756e-01
-1.580733375493728055e-01
-5.403650945509619330e-01
3.481724439114183278e-01
-4.611668287771373831e-01
-1.000000000000000000e+00
4.629487326439535311e-01
-6.846907905526091742e-01
4.768756350432429292e-01
-3.406246181997253930e-01
1.596150977530015336e-01
-1.591497847377520147e-01
8.518670358287368238e-02
-1.060701051622447433e-01
-3.712059656199833690e-01
-1.509073311874046530e-01
-6.010960324639386121e-01
-5.470882136357784198e-01
-1.000000000000000000e+00
-4.540204808393302066e-02
3.870013092981101632e-01
6.925483476188259990e-01
-1.901530863924617287e-01
2.343981895997342482e-02
-3.023165974535055311e-02
-2.803567577238943453e-01
-8.173274063126607647e-01
-5.968067369970735392e-01
4.556247840888705269e-01
-1.767097576046041674e-01
3.035086836485605122e-02
8.290148711423682704e-01
-6.914921402370479697e-01
1.335109734338522647e-01
-9.163441227153652502e-01
-1.199964153851719173e-01
1.077535261647100673e-01
7.251795529733444656e-01
-7.322126486091005138e-01
-2.809964096280979928e-02
3.499555504743461776e-01
-6.064021322030600514e-01
5.698690585157712984e-01
6.633606482121642833e-02
-3.340333728795518153e-01
3.847949131861496674e-01
-3.462492411911188839e-01
6.991274678036696333e-01
7.279135049615828024e-01
8.443362151795243964e-01
-8.861803315652324597e-01
4.990197569632744412e-01
-6.526263327869372688e-01
-3.839759759149033447e-01
-1.890897382462372323e-01
-5.007656217262513865e-01
-2.060788029505392638e-01
-1.169782532335140873e-01
-2.785105540029212956e-01
-9.665305759321518586e-01
5.464102262586885139e-01
4.059728993281426779e-01
-5.584644365792890836e-02
-2.161665510055469919e-01
-5.072528312708586284e-01
-3.255446146173073818e-01
-4.327539816254818983e-01
-1.000000000000000000e+00
4.532754815191853970e-01
5.506787864324612647e-01
-7.240736190766171587e-01
7.621713981079369926e-01
-6.869206027096814715e-01
-2.018802291138895033e-01
-7.259667990677698413e-01
-7.550702401627283900e-01
2.473593013982912370e-01
4.269063030054513069e-02
6.481768291144017757e-01
5.941047492324498247e-01
-4.710268560836643192e-02
-5.450938235606531679e-01
1.234060263313656175e-01
1.000000000000000000e+00
5.120842402084014866e-01
1.609733193280576957e-01
-1.253639129568617783e-01
-4.254068854718035531e-01
3.765546408432813297e-01
-5.777460993619791818e-01
-1.000000000000000000e+00
-3.668333582238132995e-01
-2.591988708998161917e-01
4.932224052804606851e-02
-8.914760638493572642e-02
-6.999360285311743146e-01
5.345704941946965993e-01
-1.914693614985135961e-01
9.712508724489280487e-01
-1.047333783228567294e-01
7.479789030245621584e-01
5.114786586989672479e-01
-6.532555651762057547e-01
8.391815159816858882e-01
-8.048148352751358647e-01
-1.457274388156096223e-01
3.675852472299737661e-01
-5.757770501418865150e-01
-4.326333901523226610e-01
1.372165841937643405e-01
-2.098984266341546445e-01
9.637016313947924795e-01
-8.805870766391057369e-01
-2.771796422438536633e-01
1.937606506882529889e-01
-2.206005354459688872e-01
2.866606143739815205e-02
-4.537850346239800658e-01
5.695699102576678996e-01
-6.618735496899854631e-01
-8.246506303023087847e-01
-1.617330435997495425e-03
-6.524729971338733003e-01
-8.911885388577057698e-01
5.255008112891175198e-01
4.762163601703496840e-01
2.860627299977535065e-01
-4.617927662339759154e-01
9.276486793319632662e-03
-1.576564336956390033e-01
-3.506435548633182742e-02
-5.870846532292800513e-01
6.145543702794380170e-02
-1.121674192620426835e-01
8.439842962970008911e-01
4.597044681837516023e-01
-7.115853415397627169e-01
2.662736535488985368e-01
8.495016701901407785e-01
2.438716652667666240e-01
-2.797494883506362884e-01
-3.518287224719407469e-01
-9.060785837407133725e-01
3.985014421621487224e-01
-1.588494109034866431e-01
6.302989937559786426e-01
3.142896629555808619e-01
7.143295652920880201e-01
-3.840278656581437855e-01
6.852322425259418370e-01
4.507687133806376756e-01
4.294725002995489760e-01
2.273783220866378851e-01
-9.218879299463240695e-01
-6.396840347650292191e-01
9.989467471747980054e-02
2.972137123310851781e-01
-7.201326561559522332e-01
7.328041908442437524e-01
-2.535416444258564717e-01
8.615945279157566361e-01
2.761565313438558156e-01
3.526057359244081368e-01
2.814157212963931398e-01
1.000000000000000000e+00
6.527869624699319528e-01
1.000000000000000000e+00
2.521214393735461967e-01
-7.224512846042114855e-01
8.275220890527731354e-01
-2.687221157634807622e-01
-3.221553367383437894e-01
8.065736107421230816e-01
9.939651567520263464e-01
1.093908390043451667e-01
-2.946252748885387351e-01
7.632180766529010896e-01
7.091439913954440399e-01
-6.474711912311107431e-01
7.672966539164469135e-02
-5.290066184328477972e-01
2.125142278126126716e-01
6.588929388144805221e-01
-2.487233333090512477e-01
-4.178606455580954337e-01
-9.598555449235569581e-01
9.258064323404667506e-02
2.955514662667382830e-01
-3.380059808852995396e-01
-1.572854514581638885e-01
3.066186944695226124e-01
4.912661509749101096e-01
4.455469267327356597e-01
-3.531036876656606371e-01
9.119806032408281915e-01
3.785507932122764707e-01
2.815880218715964278e-01
8.234707504710185866e-01
4.612877757351318414e-02
4.655600906512699089e-01
5.528351648917791961e-01
5.260496401438962133e-01
-5.396711961840033878e-01
-5.680016033090556915e-01
-9.678031928244291704e-01
1.010299749008019554e-01
3.663593695933815009e-01
6.644745103133327391e-02
9.285421834929467877e-02
-7.234973507321638131e-01
-1.000000000000000000e+00
5.135362151022249133e-01
1.284915722687636486e-01
-3.855356710653129459e-01
-1.139429036740741835e-01
-4.917952008885322912e-01
-7.222404366340084980e-01
4.792872123436066611e-01
8.027909995603919047e-01
-4.690135961833818423e-01
5.965468495658027281e-01
2.192164621641059241e-01
1.750385145762646533e-01
6.984381988333837610e-01
-2.807990462749833105e-01
-5.173417200554025763e-01
3.121996228998259459e-01
-1.561621390963010281e-01
4.573371555669237254e-01
-8.379942859677780298e-01
-9.394534771052254207e-02
4.414970856932602383e-01
-5.324197604150278096e-01
2.495768147611759635e-01
-6.819547821114749775e-01
2.049243919494145305e-01
-1.500794422326256761e-01
-2.064612545253706188e-01
-1.021891677486578276e-01
8.867130358000676615e-01
6.086792601252819512e-01
8.618965538776182100e-01
5.504976917135945280e-01
-1.643367897815990047e-02
-2.531874154567550494e-01
-1.072933703711342543e-02
7.039960943542024063e-01
2.602924007836223685e-01
1.000000000000000000e+00
6.918118811487747877e-01
-3.467431319231295550e-01
-5.110820969928978608e-01
5.864287393303483364e-01
-2.672713589891044794e-01
-5.943112721574286272e-01
-5.824560106984957297e-01
7.364535371585443357e-01
5.831355630974860427e-01
2.166356942132561039e-02
