5.112691973385760091e-01
2.350501990492014637e-01
3.399305780042016778e-01
-8.788394879291353545e-01
5.315302065192584191e-02
4.852928756746068828e-01
8.207952221692950134e-01
-1.350238465204625371e-01
-2.666526976128136273e-01
-6.531770196216206692e-01
5.989569006688416630e-01
-2.111860746497404850e-01
7.529144992820440141e-01
-1.631969738259360092e-01
3.368216568167372027e-01
1.928923135801572653e-01
3.594114080575768200e-01
3.641255793668945473e-01
7.254713395174097190e-01
-8.464379192951559938e-01
-5.780905290044008327e-01
2.485122132426146602e-01
6.472006702467055783e-01
8.515126695699801740e-01
-1.828026179428270592e-03
-8.467524947687149472e-01
-5.506931655607795184e-01
-8.768809307450986523e-01
-5.147286496353464802e-01
2.100108241645856355e-01
-6.136953572042888050e-01
2.951875380386067560e-01
-8.305289803596309639e-01
-4.026629221748314613e-01
4.700012653580092348e-01
6.313582912832448324e-01
-1.758011755845779733e-01
-7.185428358384994552e-02
2.817053812731361573e-01
6.400950329703368469e-02
2.394307452438256267e-01
6.552414154206935848e-01
3.747800730645196032e-01
-9.199331118745494862e-02
7.923290102898762344e-01
1.974565701095222503e-01
-4.757928016901237789e-01
5.857015476365959872e-01
-2.365043700181443942e-01
-8.222542043727735228e-01
-6.637907559567542970e-01
-1.104523279292991544e-01
-1.466687060525252995e-01
6.974319528523067468e-01
-1.751955261395217733e-01
4.330469534263217124e-01
9.362340856615353202e-01
2.371811930201496998e-01
3.525023135891696136e-01
9.460262119659510471e-01
-5.845239356961218213e-01
-2.946110111088252048e-01
5.398157391401857685e-01
-7.397768287070088933e-01
-3.299217899677169830e-01
3.844602777223301571e-01
-2.677732927117401629e-01
-2.509369240879198437e-01
1.398547859083640321e-01
6.832404170432269108e-01
-2.481406201580221293e-01
-2.737544439825098097e-01
5.010628942801818031e-01
-3.293361457382911750e-01
-3.465885133307618493e-01
6.979042102870439690e-01
-2.342889358120498200e-01
-8.850981749494979400e-02
-5.614391371296040267e-01
-2.983524007942872092e-01
-3.650397008506768848e-01
-1.225673712505598589e-01
-1.100179657262179006e-01
1.030960518327295183e-01
1.908578760762707216e-01
-8.647597920119074466e-01
-2.261201677785840414e-01
-8.647903894832328353e-01
-6.917736939144110142e-01
-9.000375993241146455e-01
-3.239150356331449432e-01
-1.981738423910680558e-01
7.657922641560586108e-01
-6.793735109519076776e-01
5.081692529755303667e-02
4.315550477820188080e-01
9.824200843294693675e-01
-7.306418247748561745e-01
-5.204486221637107946e-01
-7.669272117777932163e-01
-7.617758565884211186e-02
-2.695405760424590125e-01
5.890344455626655984e-01
-4.978147811017502034e-01
9.592149276223363996e-01
7.498594089103849392e-01
-1.000000000000000000e+00
-5.754674718696772828e-01
-3.077892500286708022e-01
7.929841490254546654e-01
-3.512106383598024295e-01
-4.672792170584735283e-01
1.696509943457362446e-01
1.605308217829060358e-01
5.553942877755345675e-01
2.555134437716066742e-01
5.780974896241329875e-01
8.529922701728051004e-01
8.538592612533344450e-01
2.376426147514443810e-01
2.506413131410929473e-01
-3.616943407286999368e-01
-2.224446871809773463e-01
3.468190801088949504e-01
8.754168401746148520e-01
-7.578239347324182695e-01
-5.982283338074083634e-01
5.012264309138605434e-01
1.286806727482426860e-01
2.981058395933147698e-01
7.396065986132405179e-01
-7.725324375211826133e-01
-3.578181802750969587e-02
-2.448861630519774679e-01
4.271230814769584327e-01
-9.267685193934187549e-01
-5.118241336559404830e-01
3.447154252404669439e-01
2.362321662345311379e-01
2.793357259839100437e-01
-6.218721849928920964e-01
-8.778196232350194972e-01
5.235557274887652213e-01
8.519122937483094571e-01
-4.739420915824889002e-01
2.936054998187446197e-01
1.664964199740210649e-01
4.074747765823107382e-01
-4.956647442434421458e-01
6.385216115267038084e-02
-7.842814563094537839e-01
8.572168372618228505e-01
4.062774824972144039e-01
1.259466482084914685e-01
-1.896208973481232907e-01
9.615257270042583404e-02
9.632999527361919556e-01
-8.029018558176032050e-01
8.505186063837886223e-01
6.080597328400436652e-01
-4.539817054005832464e-01
9.621734499630489879e-01
5.862784980672748336e-01
-9.679652887285938867e-01
-1.747787344632704687e-01
5.988841101129163125e-01
-7.729222119836002269e-01
-4.257795914547157778e-01
1.000000000000000000e+00
-1.673167674274799177e-01
7.971782567129707120e-01
5.769196520411818963e-01
4.871380427652413636e-01
-2.418909911346971975e-01
9.247437962313092008e-01
-3.305619005431356672e-01
-6.242634688755004380e-01
-7.354993516896791636e-03
-3.165689074041852513e-01
8.527482667814790807e-01
1.807716050648802697e-01
7.604796487617132561e-01
-7.469735414634411097e-02
-3.278494915373371676e-01
3.811099235964730547e-01
4.431390827674480670e-01
-8.245717899566247233e-01
2.918022499406245363e-01
4.950235462104973783e-01
-5.165797235265885412e-01
1.456176761584226653e-01
-6.762194792484604866e-01
-7.895334893249305042e-01
6.035753140488737678e-01
-3.518245150235811414e-01
-6.666622323347033419e-01
-8.898215418712162039e-01
1.815722302758474571e-01
-3.724289087130561726e-01
-1.042894145426817437e-01
8.465639362774200760e-02
7.569275161362710724e-01
-9.670955911868613780e-03
6.515548311948583804e-02
1.454624594078334290e-02
4.604982945685623386e-01
-1.613921236351056054e-01
8.112328776351430681e-01
2.886844810975033315e-01
8.740132209452533552e-02
-5.047751840759798769e-01
-1.000000000000000000e+00
-5.095917123001906246e-01
2.362024007979958429e-01
9.308180970949525568e-01
-4.217343243920027573e-01
5.092119127782569477e-01
-6.023292946210593302e-01
6.914767493886271321e-01
-1.966262767990268334e-01
-1.356128693156359588e-01
1.699520688952414482e-01
8.687967990596063839e-01
-5.526915987309655165e-01
-1.911024316112309163e-01
-6.664902843487857664e-01
3.124354080461434480e-01
-4.765979818836697801e-02
7.855162136969161546e-01
4.408796235797602381e-01
-5.578680003975153845e-01
4.645429156291686588e-03
-9.536209561912210864e-02
-8.324023181090308698e-01
3.139774950386192698e-01
-7.588167099674051341e-01
-1.000000000000000000e+00
3.251353127792270259e-01
2.619837046485204990e-01
7.847821790608305870e-01
-5.679085099234245648e-01
1.802969565614504499e-01
6.244384128880574314e-02
8.067561841047274918e-01
6.191135974069914560e-01
7.942266632019424621e-01
-3.519389286992070098e-01
-2.434798350986467075e-01
-3.902138456724190685e-01
-3.368392937796498843e-01
6.125545426883264311e-01
9.495885301226932862e-01
2.273093309118459915e-01
6.286821433780535873e-02
-3.559827085687088388e-01
-7.825061648734619180e-01
8.350063158572290645e-01
3.732961521019788620e-01
7.831732130473142428e-01
7.047380919534294019e-01
3.598185333417414644e-01
-3.350156659237717438e-01
3.223513443253465116e-01
8.249139537579619486e-01
-3.165473804905924449e-02
