-3.675797724041195980e-01
5.914738055065192901e-01
-3.317880294116844486e-01
-9.984248995511671443e-02
3.077946828069961782e-01
3.023272131398122009e-01
-8.955247398159583705e-01
2.392848308217139786e-01
-5.997665951023405384e-01
6.894054557108656445e-01
-3.767341914019280424e-01
8.900123605588980968e-01
3.643634409240132377e-01
3.558092290898450805e-01
6.183339039510427765e-02
-5.095038086474359407e-01
9.654407590015199325e-01
4.475021700578648426e-02
2.472983630033577518e-01
-8.883446779552395256e-01
5.274581113496606966e-01
-1.793891674650623658e-01
2.098894859208245978e-01
5.249402065943640228e-01
-2.303362431011374556e-01
-4.981421573480562803e-01
-3.272501964495788673e-01
9.199569513650324160e-01
-2.870974300097813292e-01
-8.196655919332193063e-01
4.314913325793454657e-01
2.129130377814526798e-01
1.558749438304118107e-01
-6.939272670991499803e-01
-6.785289480691067965e-01
-9.059534626335504770e-01
-9.864138454745817741e-01
-3.881250049329033613e-01
-2.095166275725688851e-02
-1.811026438789316018e-01
-7.443066668592448476e-01
-6.377886818209940190e-01
-4.165324181274806525e-01
-7.216404907577980143e-01
-9.546365738099159559e-01
2.600099041297588842e-01
-3.641874293965312592e-01
3.831379707323715467e-01
1.581762272045785234e-01
8.180084493812284085e-01
6.811264217590510262e-01
6.210013471549545860e-01
-1.914476500527078906e-01
-5.508435384299833343e-02
6.254251231528108051e-03
2.186627256122680163e-01
1.309735410758505747e-01
-3.302484079420985874e-01
4.119446606513318954e-01
6.507971473959323072e-01
-8.508906797834769886e-01
1.027646896403018317e-01
-3.560412929484604860e-02
-4.994597671117130266e-01
5.331060188814031875e-01
8.418880670272911315e-01
-5.355102336274063513e-01
-4.701202226258448247e-02
6.034125153545711884e-01
2.517769556410894838e-01
4.841393293744382098e-01
4.877983087132328199e-01
5.276033487029579971e-01
-6.430181360207392061e-01
3.843674045236410430e-01
-8.760858461861070756e-01
7.719766492644793976e-01
1.178790825306741397e-01
4.913997093036140407e-01
1.221382509777770367e-02
6.221126719893735890e-01
1.000000000000000000e+00
1.816323660889769265e-01
2.133754579295648879e-01
-6.364638316716942912e-01
-4.595836621961596480e-01
3.486712242443692489e-01
3.502662371971079214e-01
-3.728977647706982479e-01
8.654682753603472056e-01
1.146547693970978304e-01
-9.813414900937258989e-02
-1.000000000000000000e+00
-6.681862775517233288e-02
-1.937974324468901832e-01
-2.681665178811046268e-01
4.318889282006793673e-01
-2.599135209270731495e-01
-6.385178941742178371e-02
-4.781992324649474435e-01
-4.831845639621724087e-01
1.492370380317576406e-01
6.280156376454459899e-01
-4.607050863129276697e-01
-3.228976456616989843e-01
9.299627232453275827e-01
2.486192298149379476e-01
3.052712811353940903e-01
-4.467283900859866236e-02
5.273259995419876667e-01
2.826805173830610474e-01
4.678452043951606965e-01
8.827172972076173796e-01
-6.374634421614461255e-01
-5.190065005346413685e-01
-1.437433743019956300e-01
8.745027435221205403e-01
-7.343068999817679021e-01
-2.729323436116053991e-01
1.434102925773072523e-01
-6.499015258030250708e-01
-6.689879670162008907e-01
-8.069913303011271299e-01
2.476718334424999057e-01
4.404407830828703796e-01
-1.149653141479138434e-02
9.068499187039892329e-01
-7.841738729138951480e-02
1.711923740354189538e-01
-3.716674918065248079e-01
6.284703354367674466e-01
-5.959103265963448803e-02
4.220825957215232904e-01
5.266495422251342706e-01
-8.934440208230853830e-01
-7.711308987634667433e-01
-3.121937844517067573e-01
6.346882021557108677e-01
5.795308050085091756e-01
-6.588548275951938704e-01
-3.318862145284404153e-01
3.532364618838891857e-01
-2.529843755187006216e-01
-5.839193394470378884e-01
9.383574102822570540e-01
4.777904733208724886e-01
7.133722955308657854e-01
6.427269515064286676e-01
1.233854529449069232e-01
-6.064583583830768232e-01
-1.607860021778159676e-01
-4.902155864839647381e-01
8.338001055537940243e-01
2.474563034670109185e-01
7.035901495821844653e-01
-5.092358247271628890e-01
-1.969000128713919162e-01
-6.968186223842288696e-01
1.251314590416604811e-01
-6.187646896711127553e-01
9.695615584762574679e-01
3.176918809521620535e-01
-2.868795958388709599e-01
1.920152350751659284e-02
-7.204383389613228106e-01
-1.196881964187476860e-01
-1.364066643755787456e-01
-8.027898258221572991e-01
-5.543562877264957001e-01
3.896192292738030749e-02
8.433700938948378578e-01
-7.610753584636843483e-01
-1.512543989716433335e-01
-9.609845634014955174e-01
-5.112911273943973045e-01
9.699517530509060848e-01
-7.641536726930430179e-01
4.809076844307210163e-01
2.304440572990081315e-01
9.475827325224028819e-01
5.353251513826524643e-01
4.179904051890959704e-01
-9.344551780645600214e-01
-9.774335895566537147e-01
-1.674689358286409954e-02
-4.223565032042770340e-01
6.040055024659655158e-01
-4.092799811943096389e-01
-1.000000000000000000e+00
-2.717820776529754068e-01
4.842070191007534774e-01
3.420159222103577035e-01
1.062045528355416851e-01
-1.000000000000000000e+00
7.631718330235207244e-03
-6.409672504219723899e-02
-2.088978557450744608e-02
-6.756301479163860924e-01
7.342238251835147000e-01
6.592144061270169830e-01
4.325785226726239774e-01
9.418176777790282506e-01
-7.110201965282930865e-03
-5.416746462995762901e-01
-8.520771598177983019e-01
-1.259682144960583283e-01
2.628300214617411146e-01
3.072928751697038274e-01
2.821330602571906487e-01
-5.986284662901252274e-01
-9.752486124958015257e-01
-2.787711202014998557e-01
4.481832085485568662e-01
1.828123331723240375e-01
9.370516873226871768e-01
6.553391403457649034e-01
-3.036725629447275532e-01
5.799859312753705698e-01
7.416028897368673878e-01
4.098543726968920664e-01
-5.287058160103763615e-01
2.210212384943889830e-01
2.776398968905192666e-01
8.867663638109205548e-01
-7.680793081918726450e-01
-3.772546983079838046e-01
-1.681868398710473500e-01
-1.816688586972347030e-01
9.400259818851214311e-02
3.097148708998060385e-01
3.228452023436841345e-01
-5.190227552555239932e-01
1.101981310997926650e-01
-7.131509753315200539e-01
-6.702008780576079738e-01
4.758303334868548701e-02
-8.575430409630270256e-01
-6.653041181494823153e-01
5.139141271359121133e-01
1.000000000000000000e+00
-3.752318204644347621e-01
-2.668135968588083995e-01
-4.301482863118868405e-01
-3.415943418702182544e-01
3.120077796743960241e-01
4.549539433726884630e-01
1.000000000000000000e+00
2.568197189167859343e-02
4.599465484845015606e-01
-4.785262439465762241e-01
5.302386401245449132e-01
5.003332483419405813e-02
6.437188216732499246e-02
6.363679283039530565e-01
-4.885006187950097778e-01
6.518268194020135908e-01
1.800015184746105446e-01
9.626493338201307370e-01
1.081302345665958453e-01
5.089914421169432490e-01
-9.953601343269916635e-01
-3.992534580846516246e-01
4.472778308513731815e-01
7.333048352998201569e-01
3.923526952061199835e-01
