-1.265393954720778202e-01
2.902127969138361685e-01
2.974046187482318748e-01
8.878019489250006391e-01
-2.554335617606407483e-01
-9.069991446251807199e-01
-8.974173826429872047e-01
-1.645853444195839177e-01
-6.503791652701969017e-01
7.489325827506078115e-01
-7.699531334022200468e-01
6.376850745717298485e-01
9.122208770530661204e-02
-3.291900269983586980e-01
4.794331723233526965e-01
1.220256601855235490e-01
-5.005803516056853142e-02
-2.779365508850069610e-01
1.573662355073233154e-01
8.964877926819886378e-01
9.229676794195673661e-01
9.388743667345482713e-01
6.257729156247309188e-01
8.196689234353560227e-01
8.053056278537780444e-02
3.240831242742308049e-01
2.669633446020514556e-01
-4.570615930559653317e-01
3.412323716089054049e-01
-4.370000068167226859e-01
8.620782979203044372e-01
3.980615149698916166e-01
1.765428504007945376e-01
-6.110773820844698223e-01
1.114765929880132123e-01
2.478331849313113178e-01
-1.000000000000000000e+00
3.929357305221981567e-01
4.076843483044008121e-01
-3.829522886480226096e-01
4.366185688560959566e-01
-7.136157153123543484e-01
-8.215154753260627274e-01
3.836733255609481863e-01
9.048097580719488553e-01
-7.823298472256183800e-01
-3.458595873349115113e-01
2.688070792754347904e-01
1.731208256157734104e-01
8.329221830245947533e-01
3.434783525866950682e-01
8.307386909263335673e-01
-3.590433997627029972e-01
9.664461761626432779e-01
3.550279945915884444e-02
8.979692731684428830e-01
1.895037916579509207e-01
2.457802315723753295e-01
6.658320788185189132e-01
-3.395729014039889360e-01
-7.108782165731011848e-02
6.344031227195160438e-01
3.161120425028138836e-01
-8.555603025823897978e-01
-2.700249765207592828e-02
-4.894975141969216126e-01
6.451954238602076730e-01
6.487971386633172299e-01
1.603520377449456080e-01
7.125235273307604089e-01
-7.342560791981389556e-01
-3.552805777306316526e-01
-4.747487893937429315e-01
-1.000000000000000000e+00
-2.718732354765269199e-01
-2.892475463936643523e-02
-3.355114469624821405e-01
2.985360892079900186e-01
5.773848740568374716e-01
-6.410152107807890465e-01
-2.771257798463621150e-02
3.446710845730522887e-01
6.459183892867564024e-03
-5.958665162421610262e-01
2.067841430493807739e-02
3.937459181752263615e-01
5.038489231303713289e-01
-5.960586132318783648e-01
1.650656591231736137e-01
5.387776034460598495e-01
-5.259316137121494705e-01
-7.395102304220944056e-01
-4.522646447257573921e-01
-1.267397899058382849e-01
-4.266699794303210336e-01
2.412118428505567735e-01
5.312560508278166838e-01
6.827747788004021601e-01
3.330172844994791492e-01
-6.388080497911591271e-01
-7.463886717975332097e-01
-2.334241928276080957e-01
9.448866550115231355e-01
-1.000000000000000000e+00
3.409183479053853327e-01
-2.736674769287342213e-01
2.947183104722659874e-01
1.514437610392885269e-02
-4.590576305398956225e-01
-6.806871615317430235e-01
-3.287008987125690784e-01
4.884131276971958036e-01
1.948445480175781952e-01
1.878386109828956985e-01
2.479029354621487269e-01
7.245500516655679624e-01
-6.152380044314386121e-01
8.986778389305567494e-01
1.662935351489442382e-01
2.814507866669121450e-01
5.271681029416979136e-01
-3.947792190539720636e-01
2.872938833341748266e-01
-2.811545364640600786e-01
3.022206368105159191e-01
8.633954658910600877e-01
2.137251842803430113e-01
-2.194373210279342290e-01
-7.938727629133135455e-01
6.675329682839675760e-01
-7.363883762713389070e-01
4.235930056502349439e-01
-5.067738767889780060e-01
-8.434256170093477889e-02
1.000000000000000000e+00
5.569348845387048774e-01
8.643707456033467018e-01
-7.870818536683571454e-01
7.895044672528832574e-01
-2.799585650723322994e-01
8.861840180850226456e-02
-4.796460635060940947e-02
8.140995212620392163e-01
6.658743549614564161e-01
-3.130688998266938777e-02
-4.604777511647620836e-01
-2.544491465289205334e-01
-3.733233509515261339e-01
1.000000000000000000e+00
-4.087618235467844752e-01
6.841706088315268053e-01
6.723867055885694999e-01
-5.415182942167497959e-01
-5.336947984215035801e-01
-5.404430106425854863e-01
-7.458184723089966717e-01
3.625362538861354733e-01
-7.067314323131691778e-02
-6.653715770015228292e-01
4.933838134740466397e-01
-1.589308070306039433e-01
-5.070035923803067890e-01
-9.540618663058186844e-01
-2.272307886216523853e-01
4.502250270184557368e-01
-9.735978442485770934e-02
-9.105896534450322877e-01
-2.440356081114403997e-01
-9.839906635186083106e-01
-1.626727200089807535e-01
1.141399042395515040e-01
1.701686113580046233e-01
-1.000000000000000000e+00
-8.325025866985148459e-01
-9.445656674777929140e-01
3.810160389729155828e-01
-9.069233392325825038e-01
4.690485190118952041e-01
1.677535124207385209e-01
-6.332447076537547348e-01
-1.283826136015437380e-01
1.000000000000000000e+00
5.714554687592607873e-01
8.468575770209149089e-01
-7.158287880670636261e-01
-4.348592477317345106e-01
1.000000000000000000e+00
1.849438760663068837e-01
4.415481788332603075e-01
-6.031058017531335524e-01
-3.378482112568753082e-01
-5.383831252264480449e-01
2.474359728668527048e-01
5.089836515342730516e-01
8.512953593189758195e-01
-2.364311972529626604e-01
5.082412352581958670e-01
8.531427451627313641e-01
-3.774806021469674921e-01
-3.224776857729296231e-01
-4.277128178925213020e-02
-2.670670264040312936e-01
-8.027336862042484533e-01
4.282360763049899433e-01
-1.107590385100780117e-01
-3.473775587946627552e-01
4.876609410229313379e-01
-2.698074260081252951e-01
5.347194122688452289e-01
2.326652751593371871e-01
-6.334170185551220023e-01
-3.820548879679225296e-01
6.583913208628278113e-01
4.567863918381964705e-01
8.558605337084216336e-01
-5.723522896978215924e-01
-2.310504568388336288e-01
1.098917481080654082e-02
9.811975733579716419e-01
4.695960219173320183e-01
6.191357914759219039e-01
7.064016327786963867e-01
-3.033393437962790817e-01
5.686692148161318627e-01
5.847207382006859300e-01
-6.342462490519644724e-01
7.101923013573989696e-01
9.655436116802401658e-01
8.931307602889480002e-01
4.621623349298279448e-01
-5.592784257254763691e-01
-9.504341457724717612e-01
5.994915550291650685e-01
1.303995268841712796e-01
2.103844752608965973e-01
8.490158357136928791e-02
3.399091585305176744e-01
-4.164809832007057011e-01
3.933520474945801371e-01
1.691951985272402981e-01
-4.277164161621850313e-01
-6.097340346753091778e-01
5.396260391750246077e-01
-4.565711577710692293e-05
-3.374028663426434926e-01
2.198063171975345176e-01
3.549759302434454256e-01
4.387156913109850898e-01
4.235630977513500928e-01
-5.434823425580588285e-01
-3.943610460975287002e-01
-4.733937841254325374e-01
-8.399235078409471589e-01
4.007897535839493042e-01
6.565261288039210275e-01
1.080068410665278589e-01
-2.378347670007243120e-01
-4.491427958669450549e-01
1.000000000000000000e+00
1.000000000000000000e+00
-5.002204357039047311e-01
3.955965010024231621e-01
9.136427281775413300e-01
-9.598158662160076737e-01
4.063430077102162530e-01
