-3.455438167014647788e-01
-1.331549035777843670e-01
-2.031775696107601947e-01
3.465409325839395316e-01
-5.252735887081657618e-01
6.691288738132731284e-01
-8.048597305507673161e-01
-4.633360094576420285e-01
7.091166831180067964e-01
2.745078346794182500e-01
-8.632510608715894262e-01
-6.272237313177762841e-02
4.044263494188094499e-01
2.177006621226753591e-01
-2.373983781726184128e-01
-4.567204493679553612e-01
9.130879965872414905e-01
1.637730080883421646e-01
-7.399465501332712636e-01
5.631827044379875691e-01
1.000000000000000000e+00
5.889317874700933375e-01
3.369630656691000592e-01
-7.339667374472744754e-01
3.050262507984102811e-01
9.510915979617502458e-01
-2.756305420653635818e-01
-2.745288432246687504e-01
2.302680079624777054e-01
-8.307674557462482734e-02
-2.810537210852413412e-02
4.573103129830551339e-01
-5.870812381228455168e-01
-8.205762161524704501e-01
-3.406349636376140855e-02
7.894057453088535459e-01
-2.204439980999546578e-01
5.542286854230015214e-01
3.117908737442120493e-01
-1.000000000000000000e+00
-6.106852484334827080e-01
1.997381154747131238e-01
1.000000000000000000e+00
-1.280850687163534729e-01
-7.180029009424475639e-01
3.352037047422543603e-01
3.602131204955403287e-01
1.000000000000000000e+00
8.092653694440856693e-01
6.509768467259086089e-01
3.014667805278557489e-01
-3.538640662818380300e-01
1.000000000000000000e+00
-6.839648072647059873e-01
6.625075393194712614e-01
-2.940812523263198752e-01
-9.437711123290455362e-01
2.540236120003003806e-01
-2.497798032139094682e-01
-8.999614871427010776e-01
-7.630739336605404377e-01
-1.544924862821509259e-01
-3.318439246558653188e-01
-3.867343763981798688e-01
3.633560791054480932e-01
5.224269609529905711e-01
-8.319200994888141798e-01
-8.585308371599677246e-02
-1.000000000000000000e+00
-9.027295270146170614e-01
4.592319178600074991e-01
-3.841924573591222747e-01
9.246336359956549567e-01
-7.296401877505928057e-01
-8.690078918023995680e-01
-6.323845337650854104e-01
5.328962818528673595e-02
-4.491048362564984964e-01
-7.083677747098079402e-01
9.312411803714266689e-01
9.952116269303974416e-01
3.719662058653273040e-01
-2.375423426561886764e-01
-8.849421862304284181e-01
-1.142089951585351926e-01
7.693245839518803031e-01
-2.761337862923011199e-01
1.000000000000000000e+00
-2.315689923677386464e-01
2.730127506948201166e-01
-3.902006853788380081e-01
3.491439988940522876e-01
-1.344742736699397756e-01
8.931224830989176189e-01
-4.307274250191301390e-01
4.348406888215029520e-01
-7.741530812553422403e-02
-9.008639811408276632e-01
-6.470648240414554886e-01
-1.866594896421257255e-02
5.303411014851711069e-01
-4.953891477203165028e-01
4.753185952941067494e-01
-3.997097157636564368e-01
-7.175147053853935253e-01
9.200691289202874712e-01
4.743648840699730140e-01
1.021443583072756678e-01
6.916240067001411251e-01
5.499764494402136217e-01
-3.052495465536416153e-01
-9.729188904053542863e-01
2.567536870558673745e-01
-9.654595918812308719e-01
2.547080952224605732e-01
-4.659397925696970311e-01
-7.335494243331217579e-01
-9.277413135666289223e-01
1.000000000000000000e+00
-4.882177547585628830e-01
6.501741557241697000e-01
8.502766250055953101e-01
-5.806259619737160760e-01
-5.993782781964523965e-01
7.821134333699801822e-01
-1.000000000000000000e+00
2.011129616823452773e-02
-7.173272739942542220e-01
1.363933840877281090e-01
-6.300951477437495563e-02
7.534154906431075327e-01
-9.849654723506898746e-01
1.214059182724959718e-01
6.145961309816566631e-01
5.875196655930325917e-01
3.379945684988095445e-01
5.972362488108963197e-01
-7.504394267535956509e-01
8.633305073560387788e-01
-3.247702111235478695e-01
7.852159412054260379e-01
1.773144231959656036e-01
7.740669585474644343e-01
-3.021711542246994786e-01
2.247403844377330595e-01
-8.980547114373940154e-01
-3.231547714958120099e-01
4.846275524942750823e-01
-5.729510634460329710e-01
1.052566052444847133e-01
-9.809663955465616203e-01
7.702481824468651039e-01
1.000000000000000000e+00
-6.733614212859537762e-01
1.000000000000000000e+00
-7.866552675440213749e-01
6.901437096410510952e-01
7.742862025998648035e-01
-5.848229056778161405e-01
9.963896672495514695e-01
-8.203592262776858712e-01
-1.742935552698335888e-01
-6.676940530295889520e-01
-8.466109677939357425e-01
4.735023603769666911e-01
-2.562464450152089901e-01
3.593784312196052211e-01
-6.972743353540483691e-01
3.861356606056771668e-01
-7.094404790136792371e-01
-9.845655068890826200e-01
1.000000000000000000e+00
-3.263667413581169963e-01
-7.127378681762237544e-01
9.813700836143738337e-01
-4.965875357335714502e-01
9.375855094377845145e-01
-9.303489475475217041e-02
-3.782377195369291401e-01
-6.893333968877760620e-01
-6.024498406612415202e-01
3.515839095482110044e-01
1.848777692736163492e-01
3.332375940488341848e-01
-3.408903801619736496e-02
-4.234926864451172279e-01
1.512430183308958176e-01
3.358248967085064596e-01
7.599941323381778080e-01
7.954756305287181972e-02
-5.206544029435260929e-02
3.113651816194787370e-01
9.217103099415592249e-01
4.212892545176173398e-01
-1.159301760210680321e-01
-1.038269583302778715e-01
-1.000000000000000000e+00
-3.904845767701806691e-01
-7.936435312390708319e-01
8.344983501584425367e-01
-3.414595794454255984e-01
-5.713004355952607805e-01
8.365208429349025865e-01
-4.829479738456303461e-02
6.073752653316711880e-01
-8.857284905594553504e-01
9.474016891148384634e-01
4.795995788361729906e-01
-9.167501980098226033e-01
3.746689385590632471e-01
-3.944778901985618313e-01
-6.335667202746507742e-01
1.000000000000000000e+00
4.393228124918078792e-01
1.686381081811078736e-02
-3.157017727284575082e-01
-8.337252320010859474e-01
-3.653483637969004993e-01
4.414018378941454990e-01
-8.815243864401058893e-01
5.445960592511869258e-01
7.124149927050673625e-01
6.911418074558802749e-01
4.006621842715780701e-01
7.538029326499817717e-01
-6.772127763245540111e-01
5.932840599174497020e-01
2.353601457125825414e-01
5.819139033515996484e-01
9.708693041583287275e-01
-9.309655172627419040e-01
7.177252820699246694e-02
-1.266186097061618443e-01
-6.790019566822083075e-01
8.256602899637927040e-01
1.000000000000000000e+00
8.581743883188815147e-02
-6.865775102764138937e-01
8.812522498639833168e-01
-5.170694410240138650e-01
-1.915185602679587429e-01
-6.326119003915376959e-01
-2.774017840889344555e-01
2.721797084998135996e-01
-3.520502782124452779e-01
1.954669734869183828e-01
-3.763255319569397961e-01
1.429330502623456511e-01
3.305137699512591953e-01
9.803472418296778068e-01
7.157136488456905532e-01
5.341650974931382301e-01
-5.487869658735472500e-01
-7.391674186526827617e-01
-4.389164431587568860e-01
-4.492727607920699584e-01
-6.724915653662459913e-01
8.556010572455414742e-01
-3.507614276421359978e-02
8.287063864481432063e-01
-8.452779301631423436e-01
5.180404721674161106e-01
-1.847351898557855476e-01
8.196889961843237815e-01
2.658553841034035914e-01
