1.000000000000000000e+00
5.875393157736007455e-01
4.159534052809260030e-01
-2.770890733786052218e-01
-5.206514162450441852e-01
8.508279337121895658e-01
3.019192636649185579e-01
-3.114545484799744468e-01
9.087307303348143295e-01
8.832079616190126325e-02
1.996923372229785221e-01
-3.734488429544714494e-01
-1.823014619243792100e-01
-1.492007726870867301e-01
1.374326420052380260e-01
9.263412274523733503e-01
-7.851665679854846758e-01
-3.616307076622442551e-01
-4.077759223216649298e-01
-2.449867042643917026e-01
-5.180039932723227297e-02
-6.881894002165708235e-01
-4.117917043140268407e-01
-1.693363485894474330e-01
5.109267836469046919e-01
6.727884578925729109e-01
-2.417594090933411488e-01
-9.252665280696882322e-01
1.253755873997468816e-02
4.755798066047910166e-02
-6.936301888588057851e-01
2.364907585415149116e-01
-2.072817016381021948e-01
-3.169338317865574850e-01
-3.568194567631181036e-01
3.746270858766618250e-01
-8.505477525797424665e-01
1.693458316333803781e-01
1.000000000000000000e+00
8.383330328901960060e-01
-5.749263003345768119e-01
-3.204539938625741158e-01
-4.760020264059391937e-01
-3.487210216159706833e-01
-1.679184036041200534e-01
-1.442887727083472238e-01
2.295191896940001197e-01
4.386185658331215320e-01
6.493997145564492923e-01
-1.000000000000000000e+00
4.362971335105019777e-01
-3.862131350137552044e-01
4.587303314739097915e-01
6.916733525051047549e-01
7.256223153435489293e-01
-5.257223964208643796e-01
9.980934819802405045e-01
-3.116283494253833664e-01
1.642012364673951785e-01
7.095307286782903677e-01
9.932340954691915025e-01
-7.617630062860204498e-01
9.410499371860231443e-02
2.102383009857798080e-01
-1.970486933460062762e-01
-4.831035635942752537e-01
-7.622174504097256609e-01
8.294440544699090145e-02
1.740359168288656555e-01
5.929865989122495851e-01
4.156368235829797086e-01
-9.670764519768222656e-02
5.342596433651804200e-02
6.981372432410234419e-01
-7.477469694371189357e-01
4.598129375948504793e-01
5.362498626809717450e-01
-1.098910489421131009e-01
-1.194415265523260106e-01
7.176404891264351882e-01
-7.391881673903678562e-01
5.184262574475374530e-01
2.609390973050266793e-01
3.626151923920605258e-01
-4.070527859042865071e-01
-7.275212384040199987e-02
1.560891830762894672e-01
-8.781792051015713252e-01
-1.556231541556256370e-01
6.815943213174470439e-02
-5.768767832438288501e-01
-4.494593275193164983e-01
6.908363637359213327e-02
8.504682108506667060e-01
3.610855605899105925e-01
9.665579399141025485e-01
-4.796135227601241446e-01
-8.012756151376436708e-01
9.567901799254299178e-01
-6.992685594574502561e-01
8.522947088269701432e-02
7.030372306195861176e-01
5.376165923039774031e-01
-7.016571962666541262e-01
-5.484195390093696831e-01
9.446874083948801626e-02
6.385394648010092045e-01
-1.948940074371687259e-01
5.610028034907070804e-01
1.531625160454880286e-01
6.602122883820284172e-02
8.287621667556847038e-01
1.134576232236619575e-01
2.447194669410746592e-01
-8.991880923986718122e-01
6.352640256776465044e-01
2.608793697703281622e-01
-7.612404727035239071e-01
-4.513352972401132868e-01
-7.469115843314946268e-01
-8.465811956946914796e-01
-1.853258312529859342e-01
-1.000000000000000000e+00
-8.610356802466099246e-01
6.495831108983117774e-01
7.131420316372300006e-01
2.963543213971118195e-01
5.465817040526370629e-01
5.904771571249144424e-01
-2.022362886733767295e-01
4.147632503393237080e-01
-9.414715601662980715e-01
-1.177430353569516169e-01
-9.772413365917999029e-01
1.199857879726694831e-01
4.046005657007020057e-02
8.752312742175135662e-01
5.164655687209048773e-01
2.872624821910767512e-01
7.143255070247357397e-01
2.562283930877425342e-01
-4.578523902396536838e-01
3.807503517204674504e-01
5.586386998500431078e-01
5.484042930367115654e-01
4.986850626297191225e-01
-2.174059033649433925e-01
-5.801116044989121923e-01
-7.335165676787798184e-01
-9.313110196528433526e-01
3.155599760222970590e-02
-2.631239431915683991e-01
1.417306628880573294e-01
3.824388745866016404e-01
-3.730055191397568803e-02
-4.946543081874658077e-01
-6.832511924355784139e-01
3.418867585416405230e-01
-3.536331345279599137e-01
4.184264525652467981e-01
2.055648906250540364e-01
-6.508703783927666242e-01
-5.313785069341404876e-02
2.280279015609772697e-01
5.676744223577609993e-01
-4.527820154196249836e-01
-4.268248511909790710e-01
4.459941201459323157e-01
6.733234126515313944e-01
6.647955417068958095e-01
4.434610705318564050e-01
6.065618522703476456e-01
5.248149321292665537e-01
-1.408989513652584014e-01
1.000000000000000000e+00
-2.676754406409277975e-01
7.758433808408198296e-01
4.241913715218496028e-01
4.115568075261681336e-01
3.053196242834779750e-01
8.253819362477587962e-02
-8.599650953158878286e-01
4.524259489373367304e-01
-2.493939451024877185e-01
-5.674661357310765153e-01
3.039853832594369143e-01
-1.257970289761697058e-01
8.209109902391120706e-01
-2.107894161184680759e-01
2.004838722723022160e-01
5.564362346898146239e-01
-4.115348320565234697e-02
-4.578916709672852803e-01
3.232501516320075430e-01
7.880213433430768855e-02
5.939064168984511255e-02
-8.408589551516907346e-01
1.205152553477986388e-01
-9.092373912295195204e-01
-7.965322612683836123e-01
7.477079553751037055e-01
-3.642763360573633147e-01
3.867810993673017061e-01
-3.834267355081940609e-01
-8.432483780568785781e-01
-6.613656854444071032e-01
8.865971046730316552e-01
-6.156287265815502813e-02
-2.516793380485951026e-01
-1.352670950858008043e-02
-8.085320501688368910e-01
2.176329580958399623e-01
9.441263627019207405e-01
3.759017319178803440e-01
2.067549004759797471e-01
-5.361213339619751439e-01
4.142920404258077505e-01
2.890432618126007047e-01
9.089837386151555787e-01
2.489677001648946397e-01
-2.349011543708737215e-01
-8.925215478206023345e-01
-6.814323384020153362e-01
1.000000000000000000e+00
5.971980556452630706e-01
-8.902818826121960960e-01
-5.918853441466312981e-01
-1.725859505539410477e-01
-7.872597014240433344e-01
6.657535883908101138e-01
-5.009629840670630774e-01
-9.208812894698177320e-01
1.000000000000000000e+00
6.141244213334902391e-02
-4.728654322373569974e-01
-9.897790818579976779e-01
-1.183705263334846602e-01
5.267795387961052844e-01
3.644335032106411632e-01
6.052897012294264911e-01
-5.648736569430242715e-01
6.085639173659105339e-01
9.226516712682452104e-01
1.000000000000000000e+00
6.703367840927000332e-01
2.367672430451351340e-01
-4.815207098570113697e-02
9.639021171386595865e-01
6.080645335142490504e-01
-6.668146776233588868e-01
-8.350827804398932575e-01
-1.253484107278349524e-01
2.367626930176152111e-01
1.000000000000000000e+00
4.828562887445260188e-01
-6.158559689102563461e-02
-1.034184789135527832e-01
5.942184546442881299e-01
5.189688853868625884e-01
-1.964084599147538079e-01
9.513981835009361898e-01
-1.360404516867770308e-01
3.584259063362096320e-01
-4.867259174114694775e-01
-5.067079889491345537e-03
