4.930696786956662581e-01
1.673771226023400005e-01
-6.142699143662873063e-01
3.583114093837916903e-01
6.693438399239657333e-01
5.184888336748852966e-01
9.340181123430035814e-01
-7.179940306524483784e-01
-6.782285435471427926e-01
4.737533488178996000e-01
3.274176011862857671e-01
1.000000000000000000e+00
-1.956630943669064315e-01
-3.905294992041376690e-03
-2.438132859201112557e-01
-1.089792639401944568e-01
6.470290682854832331e-01
2.714667212949783970e-01
2.072098481488314770e-01
6.892371301818457363e-01
6.452333507903585952e-01
2.075791979812584565e-01
-4.687467113281442721e-01
-1.000000000000000000e+00
9.300017909845346153e-01
7.311648377658545028e-01
2.692579329854064007e-01
2.267428118266012760e-01
8.106813670451792353e-01
8.967947854601695523e-01
3.606375292949083322e-01
-2.180723712792061453e-01
5.564565350984428393e-01
-5.628147684487653235e-01
4.490649865127417373e-01
-2.331705445575977809e-01
1.167348621001032712e-02
1.484508982942453759e-01
-9.015901094819551709e-01
8.870099151291337414e-01
-4.545421741824872131e-01
-6.317932013198945818e-01
-4.886308997416776712e-01
1.921233040125178704e-01
-5.666065687641008708e-01
5.171330024557022065e-02
5.648578597135044399e-01
-3.409422615904901359e-03
5.723770303921940084e-01
6.613785903728944815e-01
7.884624649269176277e-01
-3.963247713199833377e-01
9.297692662838147326e-02
9.913165399806916911e-01
4.723154752152764480e-01
-6.143577588628727770e-02
-2.671720185634954281e-01
-9.732778785599682791e-01
-2.945705635937935843e-02
4.622756542089284659e-01
7.436899925289589541e-01
-8.370438777462957392e-01
8.676133788226600974e-01
3.650676406190262457e-01
-4.717302233058321970e-01
2.287474936002576731e-01
-1.822292075469345851e-01
-5.409167939970249694e-01
-2.762701622714133776e-01
6.354350181632261174e-01
-6.422088897328630530e-01
-5.521675569346303769e-01
-8.735469819090734001e-02
4.683361472536740622e-01
-6.599972241948401930e-01
-6.351008664878883270e-01
8.112997661363104962e-01
4.900175604130522222e-01
4.405771767785530146e-01
-7.685604189201172831e-01
-4.908466569525770096e-01
7.913036344106094688e-02
-2.561022317575116780e-01
1.735214987635954331e-01
-2.950775309826755288e-01
-6.460891506343536816e-01
-2.989433771701671128e-01
-3.873370281228762924e-01
4.934237230841994060e-01
-1.806375924125623034e-01
-1.515553221333418021e-01
-3.253755741601689899e-01
-2.022187844530078937e-01
2.901097602846222090e-01
-6.870186087400887986e-01
9.045416275383248716e-02
6.855764598177123137e-01
2.571280441701900843e-01
-6.637304420706811869e-02
-7.942576475868803332e-01
9.298955137683352357e-01
-6.431920136889378581e-01
-6.133991473619169188e-01
4.699975991251723051e-01
4.175505189954664687e-01
3.148690955090032162e-01
-1.921473686486998289e-01
-5.122533695145105037e-01
-2.197529200752041667e-01
-8.596417006018920448e-01
-1.000000000000000000e+00
5.377678232168209282e-01
-6.127021280462933150e-01
-9.988185999791820979e-02
6.671029869072293561e-01
-1.869856586344551073e-03
-8.528740148076012773e-01
4.045184225064721861e-01
-6.744578231585618422e-01
-2.804390643251871706e-01
-9.272389607235510811e-02
8.587489988803143071e-01
-3.575347104657653485e-01
7.108689906855727991e-02
-1.066777683579474972e-01
7.449832989985227805e-02
4.439756649123999810e-01
2.693464209605547777e-01
-3.715996206006837999e-01
-8.759574043873963323e-01
-6.191816348118021895e-02
9.106960145275384555e-01
6.462148338072043474e-01
-3.972269109416232125e-01
-1.226861210906169258e-01
4.493249767357166413e-01
8.494039442354278657e-01
-5.840748009512523042e-01
8.280572990914901732e-01
2.910381843517292344e-01
-2.947606345378646006e-02
-1.417260041928023739e-01
4.771101786510509868e-01
-4.664187065412028210e-01
-4.188894029775893646e-01
-1.000000000000000000e+00
-1.384499559691296788e-01
-6.506957639192488541e-02
-1.615257747927025256e-01
-3.577913938164500873e-01
-2.359296240605190387e-01
-3.247523877205819032e-01
-3.398439883521477411e-01
-1.030237776440289799e-01
-4.592842781366642813e-01
3.875182034312983637e-02
-4.342591790684208752e-01
4.265244610339608000e-01
1.874298824642297310e-03
3.936493227374151388e-02
-3.766134083030571733e-01
2.015166492530568176e-01
-2.847119736987308025e-01
-1.000000000000000000e+00
-2.120468606332868156e-01
1.089395096275216357e-01
1.000000000000000000e+00
-3.558498848589705110e-01
-4.367032237534955175e-01
3.126918946119150444e-01
4.404143127351748399e-01
-9.344866646535060495e-02
-1.006941496854004414e-01
-5.644320319668195696e-01
2.641933333725400290e-01
1.000000000000000000e+00
4.157390734804673749e-02
5.591511344674714445e-01
4.752342890947275911e-01
2.690232164102422940e-01
-4.144389323397935643e-01
-1.000000000000000000e+00
-1.747136012639967650e-01
-1.400585360885803210e-01
1.000000000000000000e+00
4.876630290742522411e-01
1.840056078516205396e-01
4.908669414699928235e-01
8.239770257990194358e-01
1.239188219446194922e-01
-1.532586056148171720e-02
-8.456483479820169347e-01
5.703844398147718264e-01
-8.044464250651798265e-01
-8.991211970879248172e-01
-2.018662323480460152e-01
1.000000000000000000e+00
-3.535556756733660988e-01
-2.790975003598772375e-02
-1.000000000000000000e+00
3.595653245014589494e-01
3.714222059174062673e-01
-2.096754077544079053e-01
-9.963011154136266478e-01
1.315603829355999344e-01
-5.768206409718835692e-01
8.517647974528633759e-01
7.917827359946124632e-01
5.832376688557311395e-01
9.153352154959351616e-02
-7.026642804184585200e-02
-6.451737763943709014e-01
5.992281002132292533e-01
9.573746763347462663e-02
4.592506978945145590e-01
-5.996979119226322208e-01
4.054273271813288448e-01
4.940553039187630113e-01
8.553189448737534561e-02
8.191835509124995029e-01
-8.378909476617122376e-01
-9.634899007027934725e-02
5.022202616500293093e-01
-3.881633614451330261e-01
-1.148425644793054506e-01
-4.723692874270745030e-03
8.646986938962445413e-01
-6.826480042454969865e-01
7.561499085433758260e-01
1.000000000000000000e+00
-1.000000000000000000e+00
-6.131520127107883411e-01
4.764934193766950377e-01
5.359760517923904954e-01
3.006571728335544758e-01
4.419288125784698318e-02
4.856750169030336073e-01
2.468800167919592004e-01
7.410827349516055929e-01
-1.860955553793845196e-01
-6.698634248905326327e-01
7.042759884306798446e-02
6.632164682635429687e-01
5.786963547998397184e-01
2.858957354919045013e-01
5.101845664520443524e-01
-6.664790770698879596e-01
4.547890478250669610e-01
3.407881639221859160e-01
6.092962366091830839e-01
5.691025265095055463e-01
9.412280514061370784e-01
-6.994024426505293102e-01
-7.604161576631305319e-01
-4.402502093410730517e-03
-7.566052953643810364e-01
-2.217445136664631944e-01
-1.000000000000000000e+00
-4.918266561467402737e-02
-6.001362356366522766e-02
-1.000000000000000000e+00
2.835627839698831587e-01
-1.455230166596993280e-01
-1.273549049085142271e-01
-1.852364348172046427e-01
