3.750498920679672388e-01
-2.007571996074495047e-01
7.062214175967013174e-01
2.551358492280844104e-01
1.854787689859445088e-01
5.451473647127723643e-01
-7.831403011457043206e-01
5.242029205527588553e-01
4.953164409095368037e-01
-1.048594491860159322e-01
-6.005249680616017716e-02
-2.566730103399741392e-01
3.814309729397562521e-01
-2.770376386585906570e-01
-1.341775524529804087e-01
-1.704751226890671156e-01
4.540961753356654862e-01
-1.000000000000000000e+00
-4.881336670885945694e-01
-8.812883582546701122e-01
-5.890877466027714116e-01
-1.118789052593574009e-02
-9.325752328666233604e-01
4.025838919632283575e-01
5.761573353691313848e-01
9.968782921496864846e-01
-5.149669806642589442e-01
5.805457068834388723e-01
4.535732633908798883e-01
8.929302581959197571e-01
8.030642128007145497e-02
3.590748198154149196e-02
-7.283625825790243091e-01
5.659464692325764101e-01
4.550916389845816035e-01
-2.457770635874683141e-01
1.650007210663116328e-02
7.800215318219418936e-01
-4.223840608723776202e-01
-5.819800656223109714e-01
-9.845483870306315222e-01
-3.881027670028023846e-01
2.720570092001288742e-01
-7.536202292853945162e-01
-7.736714062344621778e-01
-1.000000000000000000e+00
9.776543236049392016e-01
3.084009353122676433e-01
2.757177796804271552e-01
3.681734532466959253e-01
7.165620533874756948e-01
2.899516519792872948e-01
-5.591638816402062506e-01
-3.100725501123093308e-01
-2.820095269578287156e-01
-5.262946435714342952e-01
-3.929508113361273036e-01
-1.525982717156661450e-01
5.317875066012555108e-01
4.720307265401720853e-01
4.228262499004526442e-01
7.003261457954194080e-01
-4.151767922914365583e-01
8.427726231055114869e-01
-6.860707917592119287e-01
-4.642637725790337844e-01
-9.092007357014670887e-01
7.031165706157731510e-01
8.747656185793627470e-01
-4.691142087119483106e-01
9.840653269841385109e-01
-3.328069257234693712e-01
7.348598267877809453e-01
7.901990404370350107e-02
4.303272926591775877e-02
1.235027182843129179e-02
-8.360712527733598076e-01
2.028107427166870591e-01
-2.011727754962186754e-01
-9.328782605084680046e-01
-3.633125065568913736e-02
-2.645864842257307226e-01
3.945753246962881988e-01
7.454964975716532605e-01
-7.861675849439779817e-01
-4.297848570499849807e-01
1.226565869078436871e-01
3.800687300670512747e-01
-6.438122542456339303e-01
-5.078126146474440938e-01
3.056033022887736372e-01
-7.461883647342178183e-02
3.243583927361028962e-01
-2.480708473801808145e-01
-3.747169136706429704e-01
3.857186626123072504e-01
6.547433485911524631e-01
-4.492595364675479597e-01
-8.487010000721865177e-01
-2.189880142089946080e-01
5.851270752089453991e-02
-1.449957822902175619e-01
2.943094164553777814e-01
1.629898578834012568e-01
7.618884810975781186e-01
2.908706226528292582e-01
-8.843048142880218787e-01
2.730784601320308119e-02
-3.625017026958902155e-01
-7.130947850302300495e-01
3.740552041768006042e-01
9.854455476349099907e-02
8.570609022093699236e-01
8.386679702647202861e-01
-7.933031487062706111e-01
1.882372084955546976e-01
7.659283853236426021e-01
-4.951574383611383467e-01
-4.412738115756836832e-02
-7.070338393813689892e-01
-9.670815111260407937e-01
-3.882365843054589871e-01
-3.507928105951351183e-01
1.000000000000000000e+00
1.566732016280520667e-01
-9.398880851362988453e-01
3.380775682559811757e-01
5.335203757802522428e-01
8.939633672997282510e-01
1.259991743872607428e-01
6.479923514366070503e-01
5.187266866657362918e-01
2.385192804962170399e-01
2.178720825326380672e-01
1.697971304227308964e-01
-4.957040291950974287e-01
4.888882096174930192e-01
-8.195301561899666354e-02
2.271593535063264335e-01
-2.114834108881056829e-01
-7.973803414339155626e-01
-8.524021806224941766e-01
-1.631428837802115783e-01
-2.230744231274854883e-01
-8.460960683476170807e-01
4.355558566164359213e-01
4.102576296834032910e-01
5.517673501821701576e-01
2.923525994496622427e-01
1.997853158961423736e-01
-2.570665099886308980e-01
-7.608605596400562776e-01
-3.980751546993952505e-01
3.687389023422106837e-01
-2.185151643678343858e-01
7.751519393069207231e-01
6.489947259810081581e-01
7.704593433724891138e-01
-6.804697435191690014e-01
4.716076342599569426e-01
3.559932924171417823e-01
3.856863684210166676e-01
-2.021211739183463307e-01
-8.676964048555982356e-02
-5.581984263347079533e-01
5.829868188073930035e-01
-3.721574788445220494e-01
7.464709898896030316e-01
3.296119364086597670e-01
6.862542621711543722e-01
9.987242382743415359e-01
4.461965509984951450e-01
8.254429785994605862e-01
1.976220574819828879e-01
9.179342465378165228e-01
1.000000000000000000e+00
5.304465174666187499e-01
8.348295166570490755e-02
4.486497043498648973e-01
3.093718307594141570e-01
1.308264194734939656e-01
-3.912467252938079398e-01
-5.064807896307763624e-01
5.226139385272703386e-01
-2.866809683296809297e-01
4.506319768034689507e-04
-3.072429885079445144e-01
5.354098592558867997e-01
-4.857545070885838090e-01
2.376811266974762638e-01
1.804338081635276925e-01
1.054844680486966566e-03
5.173970697215291015e-01
2.532772829348750587e-01
5.174559443036774731e-01
7.018999803099378321e-01
1.559853017111498819e-01
-2.834022340362859702e-02
1.000000000000000000e+00
1.458076083848722226e-01
-8.819981337002823496e-01
2.370526453878711581e-01
3.753725617556522010e-01
5.322790708593908571e-01
3.515988392653852657e-01
1.802616302155706507e-01
-4.883200254978822263e-01
-1.151992668341107889e-01
6.303566886198898045e-01
-1.156459156677842465e-01
-5.492968965421004546e-01
2.857489263950544478e-01
4.580034514526192257e-01
6.925877883271627233e-01
-2.176743027751709136e-01
-4.944237125975054631e-02
-6.532163785790792154e-01
2.242594238362655701e-01
-1.575719493089885459e-01
5.041261130796684808e-01
-6.658258866479638272e-01
-1.000000000000000000e+00
1.399361097293549960e-01
-4.500461825136524707e-01
2.474102675183864897e-01
-9.483767460142384920e-01
3.579885329281014550e-01
1.435549500004961454e-01
4.951832533096728328e-01
-1.152268685873507059e-01
-9.529478714212255008e-01
3.735039827036161220e-01
1.353754910456358429e-01
6.929284029949913659e-01
-3.972197106735855243e-01
-3.615742224652784831e-01
-8.317015747996872044e-01
-9.483833266389086747e-01
1.188776411406800848e-01
-5.520133824541926248e-01
7.984636827042526641e-02
-4.371449559659611461e-01
9.409391346869233619e-01
-8.579833488882804282e-01
4.176905033727257299e-01
-3.088115482463458239e-01
3.187637513941026790e-01
-7.574911869832944289e-01
-9.780565516650087110e-01
7.608130655734774983e-01
2.772475179958456826e-01
4.094286367260465687e-01
-3.954738223129317110e-01
6.281105508137664328e-01
4.359967741093296323e-01
3.809142599535519369e-01
-2.660474876826137147e-01
8.982214705621784923e-01
2.222285001269001803e-02
1.961660129086099935e-01
2.568781846579142880e-01
-1.100699928416627171e-01
2.990415863244254013e-01
5.700484601615143365e-01
9.252482540216899753e-01
