-7.392399821151296457e-01
-4.797345602973067114e-01
2.438012111629387635e-01
3.609847065684421707e-01
5.005381276648617206e-01
-4.547130298455974717e-01
3.606706187278766462e-01
-3.049892196056051552e-01
-2.209941218511803362e-01
5.255758562261231281e-01
-9.255295283357872771e-01
9.403646866244806946e-01
5.978428845337298014e-01
4.666450578547143291e-01
-3.138807021044595080e-01
1.000000000000000000e+00
-6.627481415281278876e-01
9.754968821526741746e-03
6.662506249290515159e-01
-1.833405398376110607e-01
-8.796071269389937886e-01
7.391970749590121015e-01
4.891001240117212601e-01
-8.804294891380582896e-03
6.578395433927932689e-01
1.987643608099972370e-01
9.732265466717259228e-01
1.957045422007845925e-01
-1.117665817930957317e-01
-7.424099370413957955e-01
-5.925537730537244752e-01
-1.000000000000000000e+00
-7.838641285121891178e-01
3.381963041340548815e-01
-2.223416584839140175e-01
5.124493258446758404e-01
5.243617138509937270e-01
2.728165686288296921e-01
1.255093620115262654e-01
-5.748932805650081024e-01
6.646458425431667205e-01
8.005339299819434762e-02
6.770880749817298483e-01
-7.262242162103801357e-01
-2.904125055444342629e-01
5.701315019239081572e-01
-8.218726358330391557e-01
-9.996437438097572903e-01
7.391761804433754079e-01
3.085640226956044008e-01
3.446754335590190288e-01
8.761405806825918186e-01
4.101541164435620335e-01
2.560044478569744042e-01
7.541278265986742779e-01
2.141545794755647381e-01
-9.410818233870078542e-01
8.554888480608822121e-01
-1.799153508194841489e-01
-7.494277170413175815e-02
-2.576869776775176368e-01
-4.068914506316386182e-01
-3.464509195843488154e-01
6.444887712160503046e-01
-3.341501679285874826e-01
4.013708407006952861e-01
7.058827585655524928e-01
-5.819221118435855544e-01
3.492228682982120302e-01
-1.440095258826206703e-01
-6.883478636298799858e-01
-3.086531939286305537e-01
-4.833319103520121174e-01
5.642489230143330481e-01
-1.915988855016183545e-01
4.851038918794176036e-01
-7.067722496851881753e-02
-1.000000000000000000e+00
1.253235523491384451e-01
8.297249331834605224e-02
-5.626362990763735805e-01
-1.000000000000000000e+00
-1.297316836874876089e-01
3.304927041660678522e-01
3.272269459747228493e-01
-3.349013540492207230e-01
3.951927660447661084e-01
7.719483095515101700e-01
-9.067441042690269626e-01
1.942645231413865081e-01
7.397064884197585011e-02
3.304647085352242497e-01
-2.180368202955519086e-01
4.729527648805845197e-01
-9.765329274527002612e-01
-1.191862070714033717e-01
2.324260578841325642e-01
-5.158621329144291723e-01
2.038606620404025405e-01
3.911999329710734163e-01
5.883831355588687861e-01
8.343456285733761302e-01
4.481384639193730091e-01
-1.400227505584260013e-01
7.983363458914564115e-01
-7.696885969044555686e-01
7.150295724158468591e-01
-6.158447249690322811e-02
1.700200267383419339e-01
1.558444059919371349e-01
-3.469862152665381672e-01
8.555027184078176639e-01
-9.132845704910692586e-01
4.342527301731184397e-01
2.654439402382460234e-01
-9.417903472080899618e-01
-6.490608266037852792e-01
8.016193660441268687e-01
-5.042325870051220238e-02
9.408708531148600451e-02
7.567475507626482134e-01
2.353070105338177787e-01
-3.587395603744789607e-01
-1.425578496139341955e-01
-5.651412301363734070e-02
4.662578446788130937e-01
5.313828055345379830e-01
-2.959185229725727617e-01
-5.988670067184104218e-01
1.331095384341366428e-01
2.927566640245229945e-01
4.210273225479114756e-01
6.246061618040283925e-01
5.633757878455644130e-01
3.095977311355164185e-01
6.464791009204431393e-01
8.914435928104259554e-01
-4.450031689309196792e-01
6.340174145703968422e-01
-3.689864084346785034e-01
-1.000000000000000000e+00
4.346459253195660843e-01
6.350179294472531044e-01
-5.246873285579359836e-01
-8.092176493612542876e-01
5.923255436084833292e-01
-8.235790098635060730e-01
5.960028501312501087e-02
1.432003916223840156e-01
-3.923887666376643102e-01
8.293353965451040477e-02
1.057173011033352567e-01
4.810645594911908129e-01
2.324310753830915732e-01
3.559878943775434124e-01
7.963150057182543096e-01
-4.645933361014700225e-01
-1.483194686563450160e-01
-1.743412129637892105e-01
-3.825697578329247395e-01
2.538107402980284075e-02
6.100793479178636680e-01
-7.791973057230205946e-01
-5.886842313919352643e-01
3.805748495587656932e-01
-8.749021301197237310e-01
-7.582685342826274155e-01
9.115784947469927069e-01
2.796069614365858658e-01
-2.172914507029798450e-02
2.421633337179691647e-01
3.400299710996992908e-01
-8.222199758746198683e-02
4.250846961607349095e-01
-9.153161044139955793e-01
-5.498431597754669387e-01
-3.530432211727680403e-01
1.756950838073361443e-01
5.585719583181404380e-01
5.700129877804918088e-01
7.087683067240083679e-01
4.812723486621399149e-01
4.724586394966024949e-01
-5.703661371803290386e-02
2.049980209865553682e-01
1.286351411012220114e-01
4.803911941433559041e-01
-1.034877410245093610e-01
-2.774383670434951710e-01
-7.475568864668781163e-03
-1.000000000000000000e+00
7.723423860090614657e-01
-3.809773726407770233e-01
-4.261387137452458673e-01
-8.909787189635376414e-02
4.606926044372324780e-01
-4.927668608197157685e-01
2.368064030232672201e-01
6.175170479892113651e-01
-4.236334633248795001e-01
8.350183704572130550e-01
2.236655567566341041e-01
-2.982724123138288386e-01
1.375572360070164424e-01
-5.927621301076863025e-01
-7.749844685580361547e-01
-8.328006880564660097e-01
3.505287433039484535e-01
4.874771321311811845e-02
3.000717105989431643e-01
-5.827694518649517708e-01
-6.360366481843968689e-01
2.942879378697725312e-01
8.606410199350873480e-01
-6.549658729707121818e-01
-6.055325091093188838e-01
1.561094668700768739e-01
7.899957266153041502e-01
2.962217709008000202e-02
-4.667765935783170228e-01
-2.634605192269381391e-01
-1.000000000000000000e+00
3.522215751273364837e-01
-2.371268674451577907e-01
6.598434882614048202e-01
5.780784226710515838e-01
9.117263187130732194e-02
3.099644305364778196e-01
-3.996809000973028381e-01
-7.529352840548655390e-01
1.451549310073632082e-01
1.955156014890498672e-01
8.500247991952424309e-01
4.406522826482073274e-01
6.725869491139147005e-01
3.075493102382330646e-01
5.232606945828772727e-01
1.414373450165324064e-01
6.622534523780935212e-01
-6.275901896662712254e-01
1.877439181224925813e-01
3.975908225842562649e-01
-1.000000000000000000e+00
-5.816739481471908668e-01
4.817890261843260080e-01
-6.719603359889068095e-01
6.186773441584255684e-01
-4.409319606505225919e-01
8.327746981161328055e-01
-4.184581622064285633e-01
-1.743561733406292225e-01
2.266012202790205210e-01
3.672953378137426284e-01
-2.491495091359086367e-01
7.696348031923562483e-02
7.513435878954410896e-02
-8.993070991861702446e-01
-3.415577965748478953e-03
8.030383390274709043e-01
5.017179930144670674e-01
-3.194797014200274066e-01
8.602740017541817830e-01
4.745344357444127303e-01
-8.810066605910614745e-01
-3.128028487622699361e-01
