-5.628297182953199279e-02
6.272719730149151074e-01
-3.499577403561324185e-01
5.281653990938219856e-01
3.526833910567392372e-01
-3.986126133034238461e-01
3.405875859052807098e-01
5.954584031925620469e-01
-9.757242029331679445e-02
-7.644223634262908851e-01
-4.983865174885303562e-01
2.572896874124832589e-01
-5.414188050210642089e-01
-6.020864275416900613e-01
-1.000000000000000000e+00
1.000000000000000000e+00
-1.061448067346059121e-01
-5.985276388516336254e-01
2.887907860951622885e-01
8.443269010849097089e-01
-5.799770618058220917e-01
2.432866481889612575e-01
5.994653422076867688e-01
8.383220023875442850e-01
-8.512325945682465145e-01
-1.484182143870287351e-01
-2.262670309221677389e-01
6.649750761285594391e-01
9.328701023681289506e-01
2.172693330302752912e-01
1.000000000000000000e+00
7.641617049264165518e-02
8.676189878424473978e-01
3.298442270211677241e-01
-6.276459477191046465e-01
-4.842682955642708120e-01
5.467779584653116309e-01
1.891151185936016110e-01
4.127954663307063510e-01
1.081226127253946817e-01
-5.490713240186458899e-01
-1.000000000000000000e+00
-1.483907842289002021e-01
-6.484514702868471314e-01
7.185042962755703311e-01
-7.494152522250580040e-01
1.867823413754138018e-01
1.025988342690459382e-01
-1.547686560679597811e-01
-5.672132588286055155e-01
-5.433129602656050494e-02
-1.629882052624605504e-01
-7.091805368430375012e-01
7.076571938724336430e-01
2.209051800101158314e-01
-8.727417096819417575e-01
3.773264918642099675e-01
-7.094209129697473526e-02
-1.570233826116253506e-01
-4.597729368719427612e-01
3.383449364165188461e-02
-8.882918929643834893e-02
3.972173383575401950e-01
-4.322366085577388217e-01
-7.838074399457007901e-01
8.796325509167244316e-01
8.703719592990434295e-01
-7.841863469143378618e-01
-3.944283263251707750e-02
4.610896083936786294e-01
-2.104107779097405539e-01
5.850529146066863612e-02
-3.581050036997804331e-02
6.157722271091963240e-01
-5.225175518065152680e-01
-3.089688407502009793e-01
8.688854460889411380e-01
9.389053560498089590e-01
-5.392123333852548717e-01
-5.686579849236205186e-01
-9.082115711514735512e-01
9.155320407072017885e-02
1.180408087100249248e-01
5.823031144639392309e-01
9.572380047404520642e-01
9.992155604344382658e-01
-6.488538985717338115e-01
-2.993373394661870412e-02
-7.133592078247797952e-01
-6.896674541269416370e-01
-5.492005174138874235e-01
-1.263873689940560666e-02
-5.836394675492390105e-01
8.402863785078196202e-01
-1.000000000000000000e+00
-3.378144993697889120e-01
-7.782861434544203760e-01
6.815374230469704031e-01
1.575928353325870002e-01
-2.061584151554945454e-01
-6.819660264946975081e-01
6.522595966710849347e-02
1.764270774903720085e-01
-3.955993861959256064e-01
-1.685645774408874031e-01
-2.574969561304599197e-01
7.146509170268193767e-01
-5.310396466026585660e-01
4.388371809557896630e-01
-1.900827792421901641e-01
4.652082270793442831e-01
-1.000000000000000000e+00
3.088177990511752347e-01
5.499550016187404466e-01
-2.831662649297486678e-01
-6.769815580225799767e-01
7.673988759398674420e-01
-8.329150888219945953e-03
-2.763860855826968943e-01
6.007963896076387034e-01
-5.991038280056675269e-01
1.238448451173412707e-01
-3.702506600476672127e-01
-1.000000000000000000e+00
2.957788597764300989e-03
5.350153210386244806e-01
-4.225090327026274628e-01
2.986533484421656781e-01
-6.084357966237051718e-01
-4.005046919482435075e-01
9.842552492085582250e-01
-5.882217938012398450e-01
3.204878881320452066e-01
-5.657922872952044768e-01
1.618307197099681516e-01
8.896077161070691242e-01
2.806676224293667699e-01
-2.224803073200951400e-02
4.168450693319357137e-01
2.742986104648049150e-01
-4.194921900727610620e-01
-6.782811131093751111e-01
3.719850978054405899e-01
2.202342738585527648e-01
6.604015309878030759e-01
3.821312404125601359e-01
3.533893425403187849e-01
9.538606205016209039e-01
-8.245008545320865467e-01
-7.394013631229473527e-01
-1.045792199242214365e-01
-1.119358991793192037e-01
1.000000000000000000e+00
-3.278027612177211170e-01
-7.124475153320048992e-01
-5.405574752337515276e-01
9.724009944254796700e-01
-3.282172330484096068e-01
-1.625779168736932179e-01
-9.000981295554906225e-01
7.268025976885733597e-01
-1.186881927839655154e-01
-9.907898435438702300e-01
-5.044635984979096710e-01
-7.243727568972996300e-01
-8.572109308475950318e-01
1.316542330742530020e-01
2.287421461736527106e-01
-4.734799757208696946e-01
1.556399838029352001e-01
-4.204507773035883744e-01
4.788383520346516931e-01
2.716765559637922961e-02
-7.625075102737437494e-01
-2.125062057894960554e-01
-7.612818110371319946e-01
7.446815904030698041e-01
-8.646763401532425730e-02
6.094368819274107590e-02
8.405250849884848829e-01
-8.242850343165299132e-02
-5.575436437309596593e-01
-4.511502285516307276e-01
7.388279107055052419e-01
1.724764551096498733e-01
-8.581414461310431230e-02
-7.783149940103225584e-01
7.863031868817902392e-01
3.124588557274595724e-01
-9.145720694477005308e-01
9.645470430780066495e-01
-1.543275607913937308e-01
3.353873462412368389e-01
5.068947518912788608e-01
-7.428567299962971493e-01
9.017129873888896086e-01
8.402653508947895977e-01
-4.652277183967063467e-01
-3.657605718777751647e-01
2.795189399252114709e-02
-3.788625845125204727e-01
6.464648327561416385e-01
6.102896088854677936e-01
2.104513963540527999e-01
-2.556777144556897641e-01
1.969585606338336847e-01
5.718743787062328110e-01
3.042719629688804828e-01
-7.121234774658843358e-01
-5.927491810062684996e-01
-8.390883667519777322e-01
1.574024718918352883e-01
1.022756135577690961e-01
3.863233232043595256e-01
4.951447554290820396e-01
5.886111451955072793e-01
-9.690931571685190704e-01
-2.482426265427613021e-01
1.215674377822378444e-01
-1.907191128247188658e-02
3.301173944385571435e-01
-5.851127985920439034e-01
-2.849963292047097418e-01
-6.687116329742921472e-01
-1.867575783461324634e-01
-2.579428043909351431e-01
9.246965047141953997e-01
6.928915076952861796e-01
7.703601944861806494e-01
-2.449566951180486563e-01
9.734741762274363996e-02
-1.000000000000000000e+00
2.965806819160055618e-01
6.372343811106671030e-01
-9.980819977484517436e-02
-1.000000000000000000e+00
4.384457896181790937e-01
9.956724625399953066e-01
4.863862465684956060e-01
1.641125474936658557e-01
2.278166043632940396e-01
6.664338064378338977e-01
-9.361180931510650893e-01
8.609104604368617020e-01
6.969609686289842676e-01
-6.589514210597715582e-01
5.444491863315215063e-01
3.830387151784446775e-01
6.203664134937734165e-01
2.100906090009432292e-01
-7.372476207723170916e-01
-7.920755868855881010e-01
-3.646916281915648095e-01
2.785345598605810657e-01
3.339985165641833342e-01
-3.024176367991963099e-01
-1.294783049694232246e-01
3.815241254991696418e-01
-5.740155492246389324e-01
-2.695995587133889204e-01
-5.915510010939402097e-01
1.065380582095755979e-01
1.977283688341588685e-01
-5.257978507951760472e-01
-8.904067320346627235e-02
