4.511071724652604420e-01
3.207693699534973630e-01
1.805588856906169271e-01
-6.448771191347861809e-01
3.798622827470781171e-01
-1.275414588636575031e-01
-9.017757762482999651e-01
2.402850352187950178e-01
6.506816466509753871e-01
-1.614689392007669366e-01
3.521226873588609307e-01
3.885598126447213363e-01
4.798782832453050706e-01
-3.567609802572154210e-01
-7.973936593906147952e-01
-9.988026373145276748e-01
4.483296321677853746e-01
-5.711991208857887525e-02
-5.281208914858234182e-01
-3.227421739251725707e-01
-7.441846509039095059e-01
-7.725077437017832116e-01
4.992922981188343545e-01
-7.558940169484325011e-01
-2.997736827983397134e-01
8.279898229925447550e-01
-3.971889618992977544e-01
6.715877033686920017e-01
-7.980632965599983031e-01
5.393862012162942143e-02
5.491559353477023508e-01
-2.401348279622081139e-01
1.816320467947409312e-01
6.358277892695922695e-01
2.892009391626715886e-01
-6.466710886671231395e-02
3.218865231904528557e-01
-1.458867119703845527e-01
-6.533900504102048146e-01
-8.350544888308342184e-01
-6.789458534102049692e-02
-9.107475633741491938e-01
-2.862810748928428309e-02
2.872860405924176908e-01
-3.159932466038226084e-01
4.282052941350882880e-01
-5.709342770363001751e-01
-6.303000537080070131e-01
6.661147592604604872e-01
1.106974692578983899e-01
3.678391678990520358e-02
1.211179549629217145e-01
1.639936502326393430e-01
-4.119188510385108359e-01
5.059436146196197859e-01
-4.895403105831264146e-01
-2.479248067310319548e-01
-9.514725330189198749e-01
1.000000000000000000e+00
2.430721997174530857e-01
-8.285491769382603566e-01
3.924649574001468078e-01
5.068003379153807053e-01
-5.473464909859561134e-01
1.953359078494323886e-01
2.045067544354491063e-01
5.078069467046999463e-01
-4.019507374271155120e-01
-4.817140223182661551e-01
-4.329407302381649836e-01
3.349393928029387180e-02
5.716033369427885313e-01
-1.000000000000000000e+00
5.375430935357758400e-02
6.614347503270466833e-01
-3.231791566587631781e-01
4.985433375731910810e-01
-5.144678067507726382e-01
-6.584968272281347401e-01
-9.700045977931830155e-02
6.561065532733107997e-01
-7.553644073562151284e-01
1.751940795097871595e-01
-4.591659761692034047e-01
-5.582283579647275840e-01
-4.524964715083242828e-01
-5.962850502131057384e-01
-6.192652490915068197e-01
1.850388711362423166e-01
-3.610386903522356389e-02
-1.086042108027777953e-01
7.986550216187127127e-01
-6.477415756172982819e-01
-4.796729716295469181e-01
2.826797726409653877e-01
-6.813462343866967834e-04
-4.948028926056286525e-01
-2.305716555216967556e-01
4.734387079131922027e-01
-9.143934362064131127e-01
-3.404132140333255285e-01
-7.217333695209421363e-01
2.744984459208906213e-01
-1.088663449188841392e-01
-3.071334000866185465e-01
-3.303246648246077055e-01
2.137564752721361205e-01
6.761132558533930470e-02
-9.884530480485667070e-01
-3.171888896391313328e-01
-7.847308602600291394e-01
-4.935242570105872334e-02
6.472160343712812791e-01
6.944181957951101047e-01
-8.591474931480203026e-01
8.714647062201910654e-02
-4.821901819427824587e-01
-8.049099512325532668e-01
1.677578446659306333e-01
4.097128231918842345e-01
-3.792520428807303889e-01
4.787055312777356297e-01
-3.249945543365834189e-01
-4.575355784999063924e-01
2.012314680971034331e-01
-4.087402842722775431e-01
3.804445920345234100e-01
6.975745863747768831e-03
-5.429244113608561184e-01
-7.016877720054801593e-01
-8.848857375416394055e-02
-3.147966249370424685e-01
-9.238505930890309470e-01
-5.363380070610875849e-01
-4.295278296741183999e-01
1.187021270212340884e-01
-2.247297653809862683e-01
-3.871666644582553718e-01
1.000000000000000000e+00
4.509963127752636969e-01
-5.561009401366741045e-01
9.216565529937168488e-01
-6.026190807455066301e-01
-8.567955764403006880e-01
-3.731737526347512213e-01
1.530815447435265320e-01
-7.344205311884122178e-01
7.220899906508012611e-01
6.872041367882953944e-01
-1.170294364549781529e-01
-1.104660478172144328e-01
5.166482939450764977e-01
7.708679361602968072e-01
-8.417729743097264183e-01
3.342937925985754455e-01
-5.488510283846654847e-01
6.994588759332827088e-01
-3.783477504880888853e-01
-6.748085295167760567e-01
-2.432918192552462888e-01
-4.186102398106127387e-01
4.064478388437094414e-01
5.964235727025671979e-02
-8.866315048478555783e-01
2.856466224643064433e-01
-3.166059295927755590e-01
-4.918215034075016506e-02
-2.754636996180214181e-01
-1.968908611603035763e-01
-5.000118042006764796e-01
-6.878335521112818318e-01
-8.811089289864434404e-01
-4.916586485415753716e-01
-1.873922802754919570e-01
-7.513157411407400676e-02
-2.826999560231482356e-01
-5.714994667358914704e-01
-5.982449097332255272e-01
5.903651639190864164e-02
6.683101307045677952e-01
3.783091203503125555e-01
-2.479086968967632032e-01
3.358964135850331378e-01
5.494782752295034045e-02
-8.585860362648238819e-01
-2.599590753850284375e-01
-9.029729200884337725e-01
-3.917462367976873305e-01
-8.835815778562018386e-01
7.071515846518890980e-01
-6.191252976116170537e-01
7.356420855696417238e-01
5.423443222605678349e-01
-5.171831775572156564e-01
-3.922382391434017790e-01
-8.021044059853419395e-01
-3.255554064646881685e-01
-5.452624369525763681e-01
-9.823712454896906809e-01
-3.484045618562478519e-01
-3.462519632406425019e-01
-5.521894026944517142e-01
7.120643598299739585e-01
-7.258173478974193626e-01
-3.190535492277672969e-01
-6.076614149145150856e-01
-1.334554486025602560e-01
-8.393717990553669628e-01
-1.000000000000000000e+00
5.251538845280098178e-01
-3.484921684289492005e-01
4.563880774773222959e-01
7.101002404058646134e-01
4.675357388559002736e-01
3.901902876973903922e-01
-3.167748706240055556e-01
-6.242961848123128599e-01
-5.113109260153598790e-01
8.781472294887792129e-01
8.733050243860236428e-01
6.717328769382370154e-03
-4.292212067905591955e-01
-2.366099577006239574e-01
-5.554699885795923164e-02
-3.478991536185164352e-02
-4.267507248741390646e-01
-1.400339798277441539e-01
1.419449568901944014e-01
1.345703342174381645e-01
1.000000000000000000e+00
-3.982303027696252329e-01
2.490420576599283453e-01
2.605978437386431978e-01
-2.521333440621970623e-01
-9.554757877423325496e-02
5.285041417801934066e-02
-4.227613408462677080e-01
-9.460039656967214050e-01
2.366089685205014989e-02
4.949409178399966636e-01
5.972155856232393978e-01
-2.472510256284585761e-01
-5.378610617949202144e-01
-6.946609936407134589e-02
8.218886966456888654e-01
-1.071948227261084463e-01
-4.199580361747390911e-01
-5.140719338624416546e-01
7.268522162162670552e-01
-5.513823011321450362e-01
-5.198490281319216866e-01
1.917110355236006092e-01
-4.465551071140723693e-01
1.907691475973243012e-01
4.008276967129061341e-01
-4.386434264255371085e-01
-4.395973458726728511e-01
-3.883972573870621003e-01
5.483754105611489127e-01
1.000000000000000000e+00
-5.128468964109376138e-01
-1.263948764888704890e-01
3.058709133769014210e-01
7.960080252627560471e-01
4.778874284593261357e-01
