6.291219847937590259e-01
5.577852309186933644e-01
-1.030690121413354171e-01
-1.117329466912756197e-01
3.131795053585140209e-01
5.676571045072167920e-02
-4.287212960948398877e-01
2.125851228627011757e-01
-3.063334002195790551e-01
-2.963479688219581853e-01
5.161869393925644367e-01
-4.791606563427540100e-01
-8.799060322193769101e-01
6.098142178077564646e-02
-5.227774656474788451e-01
2.415673246503733385e-01
-5.923907715796861151e-01
4.403432318033438930e-01
6.227122383448091547e-01
3.761387197412494054e-01
-3.480835116825120590e-01
-7.127163851770021985e-01
-8.417125558335355473e-01
2.789276299780582002e-01
-3.474107070356000082e-01
1.377970429228477234e-01
-7.773762901938969794e-01
5.571631373328439496e-01
-1.038243973915239232e-01
-2.031913004677839418e-01
-1.615055188749073235e-03
8.858686658603047714e-01
-5.746196093858826348e-01
-7.882606430960092947e-01
1.095494197946475651e-01
-2.136367168408670122e-02
4.890523508683695675e-01
5.984408996889407639e-01
-2.489452821973907326e-02
-3.073772864716257658e-01
-6.690353067317594826e-01
-7.162737642927136106e-01
-5.227742487307568409e-01
-3.066109710493812868e-01
9.345403165725827410e-01
3.446620283773709215e-01
-3.120092138684273930e-01
-7.966952071952337899e-01
7.762198403426205928e-01
-1.136165599328285147e-01
-2.204866257249309958e-01
1.408384773025391223e-01
-4.512315460685852320e-01
-6.217658455697280262e-01
-6.014444454201169077e-02
1.000000000000000000e+00
8.991091484800280975e-01
-6.940302711017223292e-01
2.078928750026122763e-01
1.753091811829975977e-01
-6.261831733910083742e-01
8.607350284330339552e-02
-7.187527068558883236e-01
2.572465892710424362e-01
-8.042759360121262135e-01
-1.000000000000000000e+00
-4.483132426906568657e-01
-3.025242423441463768e-01
-2.383491722554275868e-02
-2.645863566129371680e-01
-7.788070580169091928e-01
8.614906378791625796e-02
7.992145704878182710e-02
-3.161668610307712401e-01
-7.524635050469223874e-01
-2.816050474483250965e-01
5.565514206024364530e-01
-7.646456293390568870e-01
-4.402964756119891465e-01
-3.674613307813254792e-01
-6.837996745292098666e-01
-5.066328563657148676e-01
2.903668191548813282e-01
8.896933298206769480e-01
3.625449329684207189e-01
-5.649087439033532165e-01
2.597636408038037636e-01
-6.274578744719553347e-01
2.822623201349520050e-01
-5.858471647196684673e-01
4.110044727838818024e-01
-9.211857624748578388e-01
-6.746067442564094296e-01
7.665788624604259471e-01
1.990683451724834241e-01
-8.242688858561728615e-01
4.059393922775758057e-01
5.435381877627352143e-01
4.496217720950715924e-01
-1.430199409308815506e-01
4.460677987864861138e-01
3.802402473979882291e-01
5.068945383463168142e-01
-4.307397985717281719e-01
-7.569506745966192440e-01
-8.348637678102196480e-01
3.419682459488408988e-01
2.541203861660482066e-01
2.118607947065405395e-01
7.185742944584586622e-01
4.411748132931002098e-01
-4.091011424150707843e-01
4.010559717693842341e-01
6.040591840668525503e-01
-3.386590768901121540e-01
5.395936350259120662e-01
4.189785159420774119e-01
-2.321892808384740658e-01
3.551657592890461457e-01
4.404952340553928702e-01
1.794283227114420176e-01
2.173106295711309255e-01
-6.522907265915868225e-01
-8.979132865115786455e-01
-9.962166643546547240e-01
9.219040715313114864e-01
4.374397988014517846e-01
5.419176614249004986e-01
-7.138662847070841311e-01
5.719741855999090074e-02
-4.844621864263860822e-02
-1.279205110026142012e-01
6.532596811567598083e-02
-8.294753142811037705e-01
-6.068506844314872639e-01
9.670407992149843146e-01
-3.387754815535637953e-01
-4.152135010665697901e-01
-6.124122552598652014e-01
-4.050358177897895318e-01
1.550383831158984663e-02
4.302352049792315669e-02
8.263876788287272124e-01
8.298716860814185914e-01
-3.411973570478764040e-01
-2.341006065954507470e-02
4.261675793713891047e-01
1.500288230442526349e-01
-2.245997610977964465e-01
9.109869936718583139e-01
-5.924418747636439608e-01
-8.961859219144791000e-01
7.156010374147833142e-01
5.579020178072621045e-02
-6.511013805325874815e-01
-3.788632620272843615e-02
-1.822392933482561367e-03
7.832413594955079938e-01
5.100220328368604283e-02
2.635636930928419996e-01
-9.969770370287900363e-01
-5.911135407385911256e-01
-2.375731069627590453e-01
1.041200718850896455e-02
5.471122318576616683e-01
6.176118046217839996e-01
1.034906316986645980e-02
-5.615609592210436540e-01
6.448593034429506154e-01
-7.345644410707832250e-01
7.236438733522627675e-01
8.071650639875777022e-01
-1.838221857032872886e-01
-7.160143691500798768e-01
-6.087294435634331702e-01
-1.000000000000000000e+00
-3.430136097142015839e-01
-5.503186344158463861e-01
-2.793037995739977575e-01
6.312857349938330032e-01
-7.502916160097862219e-01
7.571949402189942502e-01
1.814496716274849875e-01
3.691287101061371256e-01
-7.852607100849308130e-01
6.970372537018946213e-01
-5.649014408860332237e-01
7.102759350096763402e-01
-3.466063295267442501e-01
-4.337595056653035797e-01
-6.567776456264712293e-02
-6.840416721743477479e-01
1.404962586574153016e-01
3.816245937808377953e-01
-8.791389824201086833e-01
-8.870496959987299312e-02
2.937327635211056664e-01
-4.124661331727649261e-01
5.380320099241912013e-01
9.268876007692644636e-01
-1.057278085037114679e-01
-7.916533205757890768e-01
-9.938710040236744536e-01
-4.602830491046331907e-01
-5.329851153963039989e-01
-2.944963209679095639e-01
1.622277659155395013e-01
-5.306700530654835379e-01
-5.687102588662132918e-01
-1.624988586471670937e-01
-8.623917817009651987e-01
-1.588988414681821379e-02
-3.027131438407624775e-01
6.207692554123700468e-01
2.294699011678253964e-01
-3.317861521380713885e-01
-5.348802689453390213e-01
2.696823363097008985e-02
5.320950149777249338e-01
5.129813095427471215e-01
-9.548165068083104279e-01
6.510937241265779551e-01
-8.608923004042283722e-01
-1.947974289313314789e-01
-6.125907664977136013e-01
-9.611832357378221475e-03
-4.192198681993921094e-01
4.644263898954880676e-01
-8.207693183900908185e-01
-5.138547140524943879e-01
-6.991904400261780284e-01
-8.947862084657908222e-01
-6.759116455539556645e-01
2.538275686459944835e-01
-6.239309174680947034e-01
-5.078244791052859419e-01
-8.962718518784493771e-01
-1.064370933350890364e-01
2.198057095585760623e-02
-6.637878141497574047e-01
-3.857601171006747598e-01
8.333541938964095230e-01
-7.995008734654029947e-01
1.104392164513170321e-01
3.393761965062150887e-01
-6.513204833837238361e-01
3.695139468886036727e-01
-4.526420487539050685e-01
9.386246866192923255e-01
6.862031567964271828e-01
7.957036224771398825e-01
2.163330272316842454e-02
-5.677444304383534313e-01
-2.050865817980426498e-01
5.544875301552500968e-01
-5.008917701048497539e-01
-8.263028785791535213e-01
-6.358490857467009594e-01
5.721673498713659711e-01
-6.861453013249945165e-01
-3.536806002462354326e-01
-4.338214708734958874e-02
4.937490622926458128e-01
-3.003156838468983292e-01
-1.000000000000000000e+00
