-8.365368960621832883e-01
2.432892188002072631e-01
6.953253882124533769e-01
1.639774908656711216e-01
1.416626603230975445e-01
5.844805777129609137e-01
-4.356408646175137234e-01
3.638806718879873947e-01
1.472290392249665514e-01
-2.611081344075666943e-01
-2.646061661372605123e-01
-4.578503580773333748e-01
-1.984048693442554134e-01
3.498898889055742090e-01
-2.801335379513538500e-03
-1.765283763726120947e-01
-2.465658685830191821e-01
-3.251022184161507789e-01
4.088759614858489266e-01
7.036325157939982144e-01
3.733337490509613943e-01
-7.629951770397964683e-01
4.113880490062624684e-01
1.886492473272197989e-01
5.783403312919366268e-01
6.227738780327649049e-02
-9.931809094783043967e-01
3.626983843885001751e-02
-2.593434760455797239e-01
-6.387750337870544692e-01
-6.569111442957306091e-01
-7.281376831529762228e-01
-2.330176774272756657e-01
-7.699340109059655823e-01
8.140993578866955183e-01
-3.524251980752226010e-01
-5.608549376830598288e-01
-8.119049559344475309e-02
-3.078909829988119712e-02
-5.761224537127095369e-01
-1.230781785311324400e-01
3.914746396611887835e-01
-3.173774327174795351e-01
-5.057585064478211656e-01
1.240042696708555103e-01
-2.643194233196586793e-02
-1.581887856295529082e-01
-7.909420682572263495e-01
-3.147773364138554131e-01
-7.270067535732919195e-01
-6.103198232229753994e-01
-5.169068071892892746e-01
4.279310453124627323e-01
-7.084560985001919775e-02
9.030290459023420091e-01
2.338962441757143629e-01
-5.421358721069998721e-01
-5.938068801321041423e-01
9.604622005673542351e-02
-5.291835737288275165e-01
3.732099506573954284e-01
4.391420122893558431e-01
-4.744936299454942663e-01
-1.404268958476792284e-01
3.740581697920281057e-02
-2.518695336777466709e-01
8.841159706151735520e-01
-2.301766897531150879e-01
-5.957560685626790420e-01
-1.505998678184690687e-01
-9.606485996345280609e-02
-6.038430986251184240e-01
-1.137274320752608425e-01
-3.087332247420923603e-01
-2.274233368181438897e-01
-6.476104789697267883e-01
1.923386543574866492e-01
-2.028427262514305440e-01
6.631330073543448833e-01
-7.644441647501543091e-01
1.602211107840730009e-01
5.486191511061020432e-01
-8.412051635166787333e-01
-1.322415049419551347e-01
-7.244668737131625402e-01
5.346934233674227599e-01
4.609166562520561339e-01
-3.849683107927640568e-01
2.445547683700444730e-01
-4.705158196802642911e-01
1.689157081382893499e-01
-7.478972241716904668e-01
1.244501824341778806e-01
5.448294604119958695e-01
3.464004145373673627e-01
-1.063433410993158273e-01
5.377087807421101484e-01
-2.140537022025152669e-01
-7.527218060636315933e-01
1.123645681592379125e-01
-6.531873764872198063e-01
1.655328038479324804e-01
-9.336410599871164395e-01
-8.654163670411338938e-01
-1.684200851584111425e-01
-6.911976780341664295e-01
-2.439376180739285804e-01
-8.814597903535695833e-01
9.539685577733987287e-01
3.404320024402118228e-01
3.801909309079962163e-02
-6.501184695155958204e-01
1.720194342560011358e-01
1.000000000000000000e+00
-5.350578164127791497e-02
3.572480163767561834e-01
7.591025833080863316e-01
7.916723302959786102e-01
-4.173332251607684285e-01
-6.918367454194605803e-02
-5.722948148108372712e-02
4.112879660883896893e-01
-5.598334354468960106e-01
7.840702207056561290e-01
-3.398896942986334713e-01
2.806328192608222860e-01
-1.957424063392257108e-01
-9.031910139993721831e-01
-5.809659877445410431e-02
-6.945140614457416817e-01
-3.764281523011560049e-01
4.328763690000977937e-01
-6.437016753407317493e-01
4.368501863922866213e-01
-5.463516932398622128e-01
9.050645034970812297e-01
-3.042620509468083045e-01
3.385746131617655141e-01
3.339955704735767528e-01
-3.617095924903929172e-02
-2.063111864073322033e-01
-4.910349220318428465e-01
-3.313596222896850740e-01
1.659322623173995204e-01
-2.762577537897959457e-01
-7.295907932860836720e-01
3.556704066803230146e-01
-3.682462440596058761e-01
-5.346889045222718018e-01
-2.883829644847036855e-01
6.610584312968036391e-01
-3.487034954381352247e-01
2.463437999854020122e-01
5.922802643654005994e-01
-5.105634585997278485e-01
2.117726752601171158e-01
-8.806928660000759024e-01
-7.882322469466688242e-01
3.784375072784758320e-02
-4.759193657625389595e-01
-7.241754295830201693e-01
-3.542410042783534219e-01
-9.247685901172142398e-01
-4.651996627729264033e-01
6.057888624532105082e-01
-5.010858601133963974e-01
5.008384375189257609e-01
4.213424349001073099e-01
9.140545592731691427e-01
3.799610931816625459e-01
3.564405440605560305e-01
9.730713830315852464e-01
-8.412762254753847202e-01
-4.353157698280403776e-01
-1.400229992928302414e-01
-4.017955893336021544e-01
-4.633485501942983253e-01
5.284368370836994150e-03
-1.533181950139456962e-01
-2.999267548934797523e-01
7.764996956899672398e-01
-3.815851881752912456e-01
-2.578125692922312306e-01
3.247136023058462273e-01
-1.866177585698458319e-01
6.879234744667975798e-01
7.819441326369166445e-01
-2.631439847395010689e-01
2.714917017954183165e-01
1.107642003768208455e-01
-1.000000000000000000e+00
1.392647191102299176e-01
-2.270202037309833609e-01
4.358839131359765195e-01
5.165052160052712171e-01
4.344559015261367230e-01
-2.538072800172284094e-01
3.666727882115735082e-01
6.433834853925052277e-02
7.333410412975261972e-01
-7.613967902779487096e-01
7.570326974990876367e-01
5.204786493948116988e-01
-2.305884445510936187e-01
7.918705237728662638e-01
-3.840727180184496103e-01
3.384588375620037892e-01
3.554536999217594029e-01
-7.768777760591505377e-01
8.409898149938165313e-01
-4.807446280840549924e-01
8.366017609217145656e-01
-4.371539693278327920e-01
1.500026560294638774e-02
-8.586220783754131558e-01
-5.716161355639337582e-01
9.679979423759055290e-01
-5.942138623311052914e-01
2.281662030226546956e-01
-9.439693323118606427e-01
6.756289582789505310e-01
9.571585581904584750e-01
-5.676371268077122778e-01
6.974653118518928663e-01
2.448036425770235558e-01
5.418269873034005091e-01
2.158942482709265420e-03
-3.405611658592347379e-01
-3.860196359677586786e-01
-4.060116664358739968e-01
-9.573166091560247892e-01
1.000000000000000000e+00
1.212261859832165951e-02
4.374136694696206251e-01
8.839279887490024690e-01
-6.941794822350246807e-01
-1.880592441580436203e-01
-5.732112759374499156e-01
6.012582283192593469e-01
-1.053320688874930799e-01
-3.098618821897101694e-01
6.168563985261690252e-01
-1.430942431818761906e-01
6.810722642008606442e-01
5.402670591203212469e-01
-6.125631448023384218e-01
3.898896939723350830e-01
-8.095813833347156319e-01
2.092833029826043356e-01
-7.808289510073973538e-01
-7.576159133231497034e-01
1.000000000000000000e+00
-1.000000000000000000e+00
8.743790564373042917e-01
-8.200315367412953638e-01
-4.749108679382491593e-01
1.654253153036431556e-01
4.399647188963963507e-02
-8.377278471482505484e-01
4.242235818264611380e-01
-2.197189157646030067e-01
-3.792453154704148455e-01
6.950776545830631425e-01
8.319857712716589582e-01
9.210224237701701844e-01
