7.773857466239274538e-01
4.520362980715668111e-01
2.951648293977549367e-02
-4.127345185468168087e-01
-7.383081652326939359e-01
1.165314811720680466e-01
-3.684406660009070800e-01
7.731129737870391372e-01
-7.313004210778414893e-02
4.024831814032672761e-01
1.870009146398584621e-01
7.613807330724822187e-01
-7.568091402218027897e-01
-8.053400931175583866e-01
-7.221281065181536230e-01
1.820331010904978064e-01
-2.234406089674726981e-01
-5.748281376109021235e-01
-5.477414224366786710e-01
-6.689807059926463628e-01
3.909058973190222552e-01
6.496827376391356434e-01
2.526646426211511254e-01
5.721115260491725918e-01
3.767695610647395221e-01
-3.758774609007611844e-01
2.540809454659003208e-01
-2.590146860524985550e-01
2.063878176248615526e-01
8.751661990262989965e-01
2.140078571152970732e-01
5.741441714888366743e-01
-2.455713233880454371e-01
-8.444590321417998480e-01
5.590392541425305284e-01
-9.663095966954930727e-02
4.740280060523315298e-01
8.680248201687321696e-01
-6.720323250645567070e-02
5.734839465775291023e-01
-6.328882961258959217e-01
2.915489494806891568e-01
-6.333362112190263904e-01
-2.970934910481825564e-01
5.632555509248400316e-01
2.911935979937049779e-01
-6.366247810664432683e-01
3.431776804544210968e-01
-4.381344870526182600e-01
-1.570735527203392934e-01
-2.297158503987292155e-01
5.945680046148462683e-01
3.831044076860282838e-02
-2.466495056776893124e-01
-7.633709567802988705e-01
-3.771141536551947948e-01
6.219136782139617070e-01
-5.936899947804467059e-01
8.266030365560887994e-01
2.086738812115633557e-02
-1.905553170457361944e-01
6.185879820531193785e-01
2.224720914420386941e-01
2.183012988060751558e-01
6.982640384243476994e-01
2.590506819275449901e-01
-3.506685822440903655e-01
2.150552357444422691e-01
-1.737030589327523966e-01
-1.679390621321192323e-01
2.022654333049712233e-02
-2.804003249577458612e-01
5.275012181631356656e-01
1.693587034943540015e-01
-5.869503878182744661e-01
-3.502586327889812834e-01
6.690859885261963846e-01
6.167856000292253754e-02
-2.512299757101986164e-01
-2.962124553293583595e-01
-1.000000000000000000e+00
-6.592503694310186679e-01
-8.823828305957059914e-01
1.379845578245609931e-02
5.234461018675919952e-01
6.754787623291247378e-01
-5.733296828404326195e-01
-8.733492637686905979e-01
7.448933605952279269e-01
8.436293004014022712e-01
-1.372547921482818178e-01
-6.607963071755393880e-01
5.734640666098417272e-01
3.506936720383504458e-01
2.677315733287324306e-01
-3.162539508622706497e-01
4.175512776943094972e-01
-9.988739337359133774e-01
-7.711591950219739422e-01
6.985600237572837656e-01
-3.490883388928330833e-01
-5.762780258591979621e-01
4.749405298979076928e-01
2.171375519688128683e-02
5.596515691108289170e-01
-1.761620139952167485e-01
-4.538210628294166993e-01
4.291753161607466671e-01
-8.723730863121323953e-01
2.092337962941381579e-01
8.586042143371536151e-01
-1.137176822730353309e-01
-5.873149460210952411e-01
-3.362102185235189555e-01
5.035919957039871643e-03
9.975529737425647969e-01
2.176767800325972446e-01
1.794725113494816116e-02
-1.890439875244404877e-01
7.604996316519421207e-01
-6.367511706684175765e-01
3.699241585454758896e-01
-6.614035027392147770e-01
-4.244600116687761993e-02
5.596123609411462335e-02
4.733579807312593424e-01
8.209623139398209979e-01
3.721063920965038407e-02
-1.199560389426562179e-01
3.502904344743847931e-01
1.226804175437520850e-01
4.319295001181374660e-01
2.768260302640850323e-01
2.098124226033071943e-02
-2.934352334441405752e-01
3.908195745836172130e-01
-6.075973101333275173e-01
-4.904269700381862218e-02
-4.195889513496401935e-01
2.820629610958890199e-01
-5.012217209766266501e-01
6.364146912072541351e-01
-3.377750190400792552e-02
1.149599523004692925e-01
9.099757341209371297e-01
1.700327293442676357e-01
8.892827920515132822e-01
-4.285865720459222095e-01
-6.177555654410461089e-02
-9.515530040735927786e-01
7.368226292771081765e-01
-1.025276699408113890e-01
3.666439593191331281e-01
8.379319280636855494e-01
-8.631032950078783017e-01
4.945354686469344979e-02
3.077645917210103388e-01
-7.516196345007896129e-01
-2.722061660122373494e-01
-2.802038300333363208e-01
-2.785909675914536310e-01
-6.904010581020493253e-01
-9.352443202282576529e-01
-3.082968105346102772e-01
-9.290567172657626660e-01
9.089280043059260183e-01
5.034428152018569635e-01
-2.471327350920481392e-01
-1.586179686229398089e-01
-6.689194889342045536e-02
5.370668589515712465e-01
8.933557666321353397e-01
-3.924815805582068662e-01
8.613926117678569749e-01
8.523025048091212308e-02
-6.875625647080207958e-01
-5.165766117557851755e-01
-4.710460811086237265e-01
2.032404669034338363e-01
1.718677545369003690e-01
7.524073763056339237e-01
5.755529114817369285e-01
-2.749739365807507552e-01
-2.797399830582957825e-01
6.269405578352956754e-01
3.938741338912087886e-01
-5.287804239263971251e-01
5.496826413959345903e-01
-7.957523681462748411e-02
8.490954285985051753e-01
-2.278761407541112227e-01
2.674379875312774546e-01
-7.427201475642014605e-01
3.945300779903120753e-02
-3.436966511755396719e-02
9.582218248995493237e-01
-9.109438438930559379e-01
-7.368498168076293986e-01
3.348350359869616266e-01
6.073956656736618775e-01
-4.270182698864688486e-01
7.380544007831044695e-01
4.532506995534708594e-01
7.156733018251995038e-01
-4.470948959883083718e-01
5.990647388020922115e-01
4.917018063253197346e-01
2.575033671009688274e-01
3.826414613254023322e-01
-1.719654331077548060e-01
-4.423476687812319952e-01
7.920461262377803680e-02
-2.329027042957504314e-03
4.897284762996412799e-01
6.972562594612675690e-01
-1.189388482270437308e-01
-7.165664993584535125e-01
-9.199357384988042785e-01
8.479695446983858131e-01
-1.074053802142144742e-01
-3.985880896627332914e-01
2.357092517561831801e-02
-1.333277072339924818e-01
-5.834216525699796874e-01
-6.277187057549012961e-01
5.349732266002570347e-01
-8.718598951327801716e-01
-1.114582653203863016e-01
5.604912668883066384e-01
5.719230705108896418e-01
3.696339167880612342e-01
2.967778530688206517e-01
-9.240214539879809674e-01
8.842939549364904339e-01
5.676985551954989440e-01
-1.000000000000000000e+00
9.641759001141629870e-01
6.869427091836627364e-02
4.077816544960875811e-02
1.147274484480707013e-01
-4.119492970992411074e-01
3.828950054958690091e-02
-7.510886973897745733e-01
9.315637236959632972e-01
-7.771986993093862317e-01
1.551336814581595613e-01
-5.487741359211361081e-01
4.218413371826528202e-01
1.705684140602850285e-01
-1.791704397128779033e-02
-8.085037029066302061e-01
-2.366967105407334071e-01
3.928878806228493920e-02
1.190940231855926179e-01
-3.377958356775297988e-01
-2.345092391298506107e-01
-1.257626408234585047e-01
-1.323172364790272393e-01
1.555420220216661431e-01
2.166931580287138892e-01
-3.020851308358910026e-01
1.862123556700806259e-01
-1.000000000000000000e+00
6.660629731798940467e-01
2.954135624279606853e-01
