2.919741489340403340e-01
9.917287718497429516e-01
5.251461483817094766e-01
-8.724768096899646053e-02
4.691752223520185838e-01
4.463978834889087421e-02
-2.698949408070268619e-01
-5.818698586248516325e-01
-1.497244228488503470e-01
-6.540849022953401093e-01
-1.280998183627565616e-02
-9.086599248739729573e-01
5.030132013714899708e-01
-1.281738368735292448e-02
-1.796729983645648822e-03
2.344444319672974938e-02
-6.675495626751841716e-01
-1.461195480325915008e-01
1.197286556747889641e-01
2.099197169078036718e-01
8.091220354239182788e-02
-8.530498104489582234e-01
-7.075770753625534315e-01
-1.873574218883236053e-01
-5.109900482567663049e-01
-4.904163515521461347e-01
7.394702678052545997e-01
-1.642364090831107404e-01
5.124345183618684851e-01
2.490803570100330877e-01
-2.498423435962972838e-01
8.738642568760921492e-01
-1.351547232725342218e-01
5.473033958500701512e-01
8.308983921465006306e-01
-7.176648381402279675e-01
-2.340082032167525167e-02
5.064774859260556816e-01
8.608255254834977777e-01
-3.262983603171918379e-01
1.233664902231759175e-01
-2.773204066288081360e-01
-2.264795390438220091e-01
-4.120334370330216989e-02
8.415836909705447233e-02
-2.563396656959194830e-01
2.053117684135998822e-01
-4.511926158765237060e-01
5.332107395495846447e-01
-1.114560126373584509e-01
-4.716656935532261286e-01
1.055111920589105606e-01
-8.712099513903044656e-02
-5.908463656650826401e-01
-4.314794182289599100e-01
-3.685252808127814084e-01
-3.927878383755338265e-01
9.720988692196651237e-02
-6.962849458774760247e-01
3.233544654257242135e-01
-2.690591200297958729e-01
-4.799023475732284161e-01
-4.166298209912974726e-01
-3.048776145896835432e-01
2.931808246364702164e-01
4.070047478373552963e-01
3.971986923000898617e-01
-1.582219245899391669e-01
5.494194698748030570e-01
-1.426945337725664675e-01
1.936449118825684657e-01
-9.433214154786290218e-01
8.363218735280292249e-01
-3.729465498085658970e-01
4.899993422673740717e-01
4.692196267240134611e-01
8.105535233724517341e-02
4.807696417510051723e-01
-8.232662372696830655e-01
1.835278525950311823e-01
2.112153153707425346e-01
6.064268947234885410e-01
-4.190307833291501693e-01
6.428031530034893359e-01
-5.899502650859170805e-01
5.907131155917476617e-01
6.457193451816291008e-01
3.138740466329541512e-01
7.704648341780782062e-01
1.131083145436741350e-01
-3.106048041028983131e-01
3.961942945009437334e-01
-1.000000000000000000e+00
8.031542747293599627e-01
2.668616586802038948e-01
5.863831492363712483e-01
3.840671410096089811e-01
-3.181161409165383924e-01
1.639382094411644675e-01
-5.245047967578618797e-01
2.018829384070380817e-01
-9.189620023708363616e-01
-8.902682504111097961e-02
1.156109000640987844e-01
2.260511454829473577e-01
-4.821051164700549396e-01
7.565069813600767967e-02
5.308599858457585530e-01
-1.843787372020029292e-01
-5.951573934916668668e-02
-1.348231253356366177e-01
6.876903968625160957e-01
5.053262268558668391e-02
9.359278052020014727e-02
-3.263609631539068356e-01
9.017761141195931307e-01
-2.164841629338701001e-01
-1.806736880130995759e-01
-2.274402033621281127e-01
1.913760357746225327e-01
-5.444923944134949512e-01
-4.200170057041144323e-01
5.543108541554693236e-01
5.190103596453056189e-01
3.838134373359259888e-01
-9.516042332814128590e-01
6.236421109351868441e-01
5.336043135500446316e-03
-1.860545803576483248e-01
-1.000000000000000000e+00
-3.436480059628395645e-01
-9.580592160638118360e-01
-2.063004103920657861e-01
-6.781916008199372348e-01
8.967137932257470689e-01
3.498727408013021511e-01
6.424970813592377761e-01
3.538839357560273902e-01
-9.245125753368345078e-01
3.085106970252081693e-01
-7.459003036304336920e-01
-4.248075551902111835e-01
5.945399814942847749e-01
4.533301964056992150e-01
-7.245208611806274179e-01
7.637381117970268862e-01
-4.658729104383033809e-02
-4.432492129472786480e-01
-1.636750617538691721e-01
-1.097758276367457597e-01
2.869407303387315200e-01
-5.197587874541835795e-01
2.180132353137458068e-02
-3.436867081670840207e-01
-4.635168461189810296e-01
2.248317127916676372e-01
-6.717665805679104429e-02
2.362202358877265596e-01
-6.966065339906061249e-01
-4.719434631927275636e-01
-3.598975002183562588e-01
3.938331614131982961e-01
-1.000000000000000000e+00
1.389077153228015227e-01
4.158842899572088303e-01
-8.390662497880306825e-01
-8.549250950690915341e-01
1.775001370165681450e-02
3.372659183223527535e-01
-1.764441789539704097e-01
4.183991933255300222e-02
-2.061872338812838212e-01
-2.609498178255535983e-01
-5.910841255834144992e-01
4.116387468431667029e-01
-6.107281088001725866e-01
8.337958550363699928e-02
9.458285820183502945e-01
8.393967131934673143e-01
-3.757473101636320534e-01
-2.053761204017006126e-01
-1.730228031897435362e-02
4.694424165019668860e-01
8.155575430013526361e-01
5.779366225825910419e-01
4.808190795086830088e-02
7.389737487268505101e-01
-1.000000000000000000e+00
-9.352859589014184474e-03
2.151565637447648560e-01
-2.747035102936508655e-01
-8.733843441775795968e-01
5.770850094691188925e-01
-1.243620261482877576e-01
-1.000000000000000000e+00
-7.131561713097567257e-01
6.397590632447703873e-01
-3.187166544458740480e-01
-2.927314949731927296e-01
-6.151290449834130314e-01
1.000000000000000000e+00
5.257060605920119700e-01
-6.730562296587052629e-01
2.493899023179941554e-01
-6.574729050300308630e-01
1.959365798097012779e-01
-2.618992807721722271e-01
2.559534428506897719e-01
6.474294892505337851e-01
-6.404211766510132797e-01
-7.930248449648182874e-01
7.949201246612353942e-04
-7.540525165224322146e-01
6.323062101792070733e-01
-2.793993234644885915e-01
-6.458409314434345738e-01
-8.144381646166481969e-01
-9.167374968744110841e-01
-6.405237922169363385e-01
4.359516802117834322e-01
3.616424691985820616e-01
-6.685557041960697999e-01
-1.323503644214031882e-01
8.369666805247779617e-01
-1.162392091521876336e-01
-6.901176027868746177e-01
-5.353132687144573909e-01
-6.388040316633215587e-01
3.636342303070261850e-01
-9.423936503215695204e-01
5.544954545039060267e-01
4.225355925336059526e-01
-1.924383642177916187e-01
6.572704663750766896e-01
9.244362189096912985e-01
-1.395353238601796664e-01
-7.370661975370421670e-01
-3.651132845818280126e-01
2.174829802697585968e-01
-8.822072304234624962e-01
-4.179901282161446185e-01
-3.970479991985222390e-01
2.085230950332941369e-01
1.973866901907741708e-02
3.438031625413992542e-01
-1.531286116485196525e-01
4.621320926273052576e-01
-7.027806764831863173e-01
-1.676545026080831224e-01
4.213101212229981019e-01
6.215334322069511197e-01
2.351563722873274143e-01
-2.737196639763477268e-01
7.953741957367990167e-01
4.214213566982293879e-01
-4.775454672508416820e-01
5.085614431442868622e-01
-8.299572988409957552e-02
3.760583659918821930e-01
-2.433823281776454628e-01
-3.837280937155645444e-01
-7.739308013567461897e-01
-3.682485032978489309e-02
-1.000000000000000000e+00
-6.300412758885982900e-02
