-2.229458296983616861e-01
-3.700030244670920454e-01
-2.150569545726252474e-01
-2.266052805670288051e-01
-4.716217972067340281e-01
8.298285874215701741e-01
7.225934329635164133e-01
7.155265751180176492e-01
-7.126743940965611923e-01
-6.208666337676609359e-01
6.876259609635914094e-01
2.804281075532090786e-02
1.827713518977364116e-02
-7.781086525009379973e-02
-9.654460286629902299e-01
8.464071692527240787e-01
7.562995940541661355e-01
-1.717941503877721821e-01
5.980884294628980857e-01
5.294898807220366904e-02
4.825695625253536569e-01
6.854457859602398617e-01
-2.536467456278639759e-02
6.455962240805624974e-01
-5.723691360568793074e-02
1.370604553094165179e-01
3.804313422585629545e-01
-8.503115199383786127e-01
4.695031773466816216e-01
5.008517853515984108e-02
-1.000000000000000000e+00
7.086586856702384307e-02
-2.704614068619742850e-01
-1.000000000000000000e+00
7.510668704848656452e-01
5.352221740320171062e-01
5.199149505316390529e-01
4.413614770906925527e-02
-3.382473356338641657e-01
-2.414549047078274335e-01
5.058590185421416585e-01
3.678808861068792041e-02
-8.559221971158059716e-01
-8.665359796063917264e-01
4.207807204343891883e-01
-6.300297717784616447e-01
-3.511104184573726195e-01
1.628561387311082687e-01
7.344845723948173477e-01
6.018756024514616554e-01
6.781037640997502614e-01
-1.272352893195185797e-01
1.686552340873825051e-01
-3.357034070759959965e-01
-9.886902709071963002e-01
8.188155475515044301e-01
4.518299066587264656e-01
-8.870086617229098191e-01
7.953993580102199923e-01
-5.385236569875581636e-02
-3.617009516741738762e-01
1.364175045772153816e-01
9.062331243733574571e-01
-8.982927232878175072e-01
7.104802519510206027e-02
-7.844575141861506173e-01
-7.225174840574193069e-02
2.745421290504614364e-01
-4.384096866467354081e-01
2.736132105789981870e-03
-6.236932685928493481e-01
3.843893044767927591e-01
5.862949187708698107e-01
5.886779443459948524e-01
4.259569328690042678e-01
4.203607307916591429e-01
1.272449071355561956e-01
-2.303716089776407516e-01
-5.644996437890644758e-01
-7.345278638276693250e-01
9.733632023806721989e-01
5.527294733387779768e-01
-8.187057486232031112e-01
-8.250687926691780971e-01
1.000000000000000000e+00
-7.403180970685594442e-01
-8.045232048448414108e-01
-4.140475014681755939e-01
-2.729152950461931071e-01
6.030624442186296452e-01
-9.061598696975887712e-01
-9.847414515652789246e-01
5.745318408383215392e-01
-4.167691649795986497e-01
-5.370295158357706045e-02
7.262382225888369680e-01
-9.272533629243628894e-01
-6.136240690706615819e-01
6.276063532378527432e-01
-1.955412718063793132e-01
-2.302000875997927964e-01
-6.600641637616697643e-01
1.838035688297499567e-02
-1.573464430104808409e-01
4.136477534657034827e-01
-3.713256826130771904e-01
-5.064092989217289231e-01
3.132635073116697977e-01
-5.341311285359651162e-01
-4.630040939833354185e-01
2.881726935165724313e-01
8.442263971585858284e-01
-5.728825355676179232e-01
-1.193772044634422019e-01
-1.426560303814843889e-01
-8.700626459930296264e-01
-2.100478694549645087e-01
-1.000000000000000000e+00
1.297444313202062161e-01
1.367905174209408659e-01
-2.108801128508105138e-01
5.344855400122819344e-02
-7.596572109494139635e-01
-9.276127678356323181e-02
8.665674178011344431e-01
6.047215767410331067e-01
8.115794467619207031e-02
3.442474888642207409e-01
-5.584835755695151116e-01
-9.073931507890266035e-01
-6.390545742977096211e-01
9.250926938433924329e-01
6.525383479677384635e-01
-4.148625131829039026e-01
-3.948901169372360243e-01
3.614292284437199410e-01
2.297067688386364159e-01
-7.785225544320699687e-01
-1.150516944730480134e-01
-1.000000000000000000e+00
2.002127569365997894e-01
3.014451419489936890e-01
-1.606134369210563684e-01
1.639347719581544516e-01
-1.825046851560373218e-01
-8.132694508165635439e-01
9.488151703739575726e-01
-7.741438420292801048e-01
-4.547372801756217608e-01
2.536613398769084204e-01
3.494857082576320884e-01
-5.073093057868528488e-01
-3.272472267376693583e-02
3.076399099211966082e-01
-7.093582596984600031e-01
-7.063559719832854800e-01
2.278333881903375213e-01
-4.834448033475728934e-01
3.229616588399701338e-01
-1.206121933371907540e-01
3.215756716612970245e-01
7.230885528937451845e-01
-1.476813322735177070e-01
1.551505171195288746e-01
-1.000000000000000000e+00
-1.565731073612515178e-01
-4.576352705888777628e-01
-5.553519703087816950e-01
-1.897339908993762037e-01
7.945022595688548961e-01
7.027055155979742285e-01
-6.235545813043947838e-01
-3.089478815694426395e-01
-9.526566602908225212e-01
1.861273454645247794e-01
-4.295007198000163617e-01
-2.743617626805498477e-01
-1.023224248343640036e-01
7.347295331649109085e-02
-4.598046942455743524e-01
-4.374993913536692203e-01
4.787738205358502142e-01
-3.475819557076746946e-01
-3.045993243060262090e-01
1.924503165449455155e-01
-6.495699545160407151e-01
-1.000000000000000000e+00
-3.459513563592749308e-01
3.503034834700604616e-01
-1.023034484160854213e-01
1.959211068048178905e-01
-9.714900259012698713e-02
-3.300644592666445165e-01
8.955214716246673312e-01
-9.589538981182921251e-01
-2.723598096596355211e-01
-2.909320581524525440e-01
-5.903174087021983985e-01
2.722205287856442335e-01
3.492165124317426761e-01
9.953907414487344063e-01
-5.222580308887143641e-01
7.001309066780002643e-01
5.633320618991426443e-01
9.892706949077781919e-01
-2.897345136019549017e-01
1.266067421417676753e-01
1.010720626416736490e-01
-4.794600733164276485e-01
-1.854386920000334824e-02
-2.989686156429978703e-01
-2.853502670540168928e-01
-3.909355263041114359e-01
5.860542534151597094e-01
4.436260484233489620e-01
6.520961296517806538e-01
4.777565218685437265e-01
-2.385713687056439380e-01
8.767882191271832992e-01
-8.260831762174634108e-01
-9.070808785294073306e-01
4.747931274355546849e-01
-2.271059657269324794e-01
8.747735221601380395e-01
6.427971520228230595e-01
-4.784547930601170673e-01
-4.692176130362384345e-01
-3.315579344077619339e-01
5.942613469952241489e-01
-3.043881975210774304e-01
-9.861982883412523382e-02
-5.154305793743055863e-01
-2.821477915782605872e-01
-8.674870713433207037e-01
-4.963829098657255856e-01
-8.175890746857907843e-01
2.445980741372268674e-01
-8.320161879708619646e-01
-1.510819819003665077e-01
2.751002996286961988e-01
-5.757585674312575286e-01
-8.899034620076511359e-01
-6.839358269695802184e-01
7.292756903654676881e-01
3.225646265507427501e-01
-3.572808269877207898e-01
-6.153839186682329432e-01
7.891268607712447203e-01
-5.594778643700895060e-01
9.374604215137994911e-01
-7.546549855986471878e-01
-5.964437369954918300e-02
-5.669478674932856288e-01
4.307964741073189718e-01
-1.000000000000000000e+00
-8.028403943218899164e-01
2.294954066042614038e-01
-5.024234970350714979e-01
7.564872145717969065e-01
3.528810942609744705e-01
1.000000000000000000e+00
2.705700782758969081e-01
-5.240091354161221515e-01
2.728395455051513818e-01
1.771211684683443033e-01
