-2.540068813191236341e-01
-1.537571445832614236e-01
4.770001704188274738e-01
-5.508385919558101973e-01
-9.473474743088992067e-01
2.083636923354269810e-01
5.618083782407181648e-01
-6.235566332826734115e-01
-6.442041894039970407e-01
-1.362057759795631540e-01
6.703738257728889538e-01
4.774404268850165334e-01
4.379513528405792888e-01
8.994025383505499516e-01
8.775118716698032673e-02
-1.074828531807807547e-01
7.245855718074292184e-01
-8.087259509923081513e-01
-6.411748634645021427e-01
4.442362026878609038e-01
4.223936226349499501e-01
2.822826405923331006e-01
7.743461279152844545e-01
-2.028708513323869700e-01
1.791198138218538516e-01
-4.957299546844754490e-01
6.084743855188094047e-02
7.062847836432079029e-01
-5.558786313567296578e-01
-2.902783508228338194e-01
-5.714222141383287212e-01
-1.796573204255507428e-01
9.922738260264758470e-01
-1.945240088786879540e-01
6.344376287433812767e-01
-3.742100802249060387e-01
1.229166282785395525e-01
7.468376326089266604e-01
-5.171174270569210973e-01
-2.637101950515398086e-01
-7.223091636060052778e-01
1.000000000000000000e+00
-3.866988508824326654e-01
5.365126058987774726e-01
-4.169079025053265553e-01
-4.592877605079007108e-01
-8.137206329661750281e-01
8.757325705060831078e-01
7.475892142627162951e-01
-2.109842210775018656e-01
-6.327119619618144508e-01
-3.693684111287183214e-01
6.840102787235439186e-01
5.518841249725414677e-01
7.294737768140205914e-01
-9.017198020548458093e-01
-2.711343394650352900e-01
-1.000000000000000000e+00
1.525995634637865306e-01
2.458067413507905308e-01
-8.594140464715398497e-01
3.611611580871834093e-01
-3.460519646801583082e-01
5.326968379791825747e-02
7.998230346485352138e-02
1.000000000000000000e+00
3.758758377707445697e-01
2.455349250847468356e-01
-4.026001724974291873e-01
-7.132108504470282551e-01
-6.552227453674175361e-01
1.462891151596868722e-01
-5.441883241091700629e-01
-4.249391463490644893e-01
-2.109398947450009665e-01
-4.238870218623722735e-02
-2.202825416686361379e-02
3.908479828442062431e-01
7.765026583839149676e-01
5.710166650387491494e-01
-7.584839763361869713e-02
-7.377482922731485315e-01
7.272538805473349743e-01
4.540968206989283718e-01
-2.656436835411835062e-02
4.956044733021490178e-01
-6.035342588979240031e-01
5.401662724784633135e-02
1.000000000000000000e+00
-9.609653179661282740e-01
-1.745201238731705906e-01
-2.224536645245153710e-01
-2.509738067132785133e-01
-9.220129645837158439e-01
6.665869020111965249e-01
-5.211450011441537411e-01
-2.055724661923248042e-01
-7.348711449611677882e-01
-8.937104623601889175e-01
8.071672476164740706e-01
5.962332565739981716e-01
-3.687632495106342168e-01
1.896800332380579601e-01
3.009303125097181897e-01
-1.763462371791336414e-01
4.524328445425729872e-01
-2.891817520789738971e-01
2.930070385724227178e-01
-2.536413705192043233e-01
-1.122215138817418689e-01
-8.372932238605489408e-01
-2.393228911044330831e-01
-1.724155813895451861e-01
6.503204043554806635e-01
5.148594289570505023e-01
-3.045404123133388374e-01
8.904101330116530599e-01
7.235698401371309929e-01
-7.372068743963703374e-01
-2.837051657717870601e-01
2.629092343388164665e-01
-6.884415346554937365e-01
2.800759167514911274e-01
-8.093849981703631347e-01
3.635876835582023681e-01
-9.771064726443365878e-01
1.746875054356210044e-01
-4.454287176228756695e-01
-6.111485428561561628e-01
2.318787742152018105e-01
6.300251227841385804e-01
-8.369906756956824179e-01
-2.172658306962800545e-01
1.310901244056050623e-02
-7.492929081509706879e-02
-6.109532604254729327e-01
-4.697096939671967508e-01
-8.969028801427489242e-04
1.000000000000000000e+00
-5.431148975601336470e-01
-9.984148363264953030e-01
2.128648208798497588e-02
-6.691583321866062528e-01
-1.150545302327870278e-01
3.085476343979411951e-01
-2.239168681091627689e-03
-6.980516933953618830e-01
-4.969467825630080604e-01
-6.641891764447418467e-01
9.629756216662683777e-01
9.625920623842183499e-01
-5.929454522493694535e-01
3.915797099271115522e-01
-4.517948560013008708e-01
7.332287807368239596e-01
-1.000000000000000000e+00
4.824621593320597285e-02
3.878178607538086964e-01
7.047762419388332589e-01
-5.303189786137544326e-01
-6.346789102652774517e-01
-3.560158808652683082e-02
6.486581898504603649e-02
1.566827785090696423e-02
6.160742093164859323e-01
-4.005683952501436496e-01
-3.527640379974399942e-01
3.781973099114741554e-01
8.946916667001025836e-01
-4.152430338287017020e-01
6.511277761744568848e-02
-5.180603522803378658e-01
-6.586549217862782690e-01
-5.106766995928476716e-01
3.544131225977215083e-01
-3.724310286048655438e-01
-3.579996279664801606e-01
5.673658275296292741e-01
-6.452137475465165029e-01
-4.315732169050181533e-01
1.161259412494861087e-01
1.874785590692301940e-01
-6.074376645627650451e-01
7.349819347041686157e-01
-4.285698054343642371e-01
2.523380408912214157e-01
2.064002088563426096e-01
-4.447254262495631272e-01
-5.047473570541426424e-01
-7.303833074796979297e-01
4.300581717571748119e-01
-4.024406583310249919e-01
4.847261777030237306e-02
-3.864842066644921248e-01
2.498518437874118758e-01
-9.662407766536330600e-01
-8.032620649788967393e-01
-9.559160972454416177e-03
6.343056582154903422e-01
-3.697563096985557740e-01
2.384140405434741483e-01
-5.205494806423534015e-01
-2.579876208037305135e-02
-3.715584914967557384e-01
3.077646121763447096e-01
7.880719098905333286e-01
-6.645795991837138983e-01
-4.211512893806917956e-01
9.628803696735072082e-02
-7.104769767030240102e-01
-1.673949775659796801e-01
-4.107378015096768142e-01
9.427639746610714244e-01
3.378816859271840944e-01
6.697601652400050343e-01
5.387048583763217602e-01
-7.730026323890267122e-03
2.657830099442627381e-01
3.473621254924914026e-01
7.433916593298924846e-01
-7.978390753453520846e-04
-7.644119835693484744e-01
-4.377588079296398371e-01
5.571882424949946566e-01
-9.581620859670416657e-01
1.997453192394983978e-01
1.281635669278498590e-01
-8.548567383197152036e-01
7.354220281765397882e-01
-4.446715305407078489e-01
-2.007256443601564133e-01
-4.161062370868478383e-02
-3.346226909320685339e-01
9.553744931903053184e-01
8.130339266594153180e-01
-4.594605396224259453e-01
1.701393821784080163e-01
8.568683130118888158e-01
5.074666966736741669e-01
9.888374748020313243e-01
-3.251379329922404748e-01
-9.658736956308107136e-01
-4.579303652688570536e-01
2.937241008004358722e-01
4.817780856531196643e-02
-7.295315076429845780e-01
-9.849632512305160903e-01
4.382943024341252047e-01
-3.740714900051625436e-01
4.057566884634012383e-01
4.358469376724237107e-03
9.737514783391237883e-01
-4.103230516557671570e-01
8.696306004940196344e-01
2.026778336028323968e-01
-4.935862435008760429e-01
-1.609025304129229339e-01
1.180606593156956902e-01
-1.674990612700780479e-01
-4.285795048836338328e-01
-3.470957911453061984e-01
-8.945234454509336519e-01
-3.963677727601183642e-01
3.129146633965896873e-01
5.503618992158768597e-01
