-2.496244625854095178e-01
2.763349503790287209e-01
9.260348486785752176e-01
-5.615686097180009329e-01
-5.808598516638360243e-01
-4.697425517961834746e-02
3.321348023793000981e-01
3.058934858126297618e-01
-1.374173587912842220e-01
2.464972903744911681e-01
-1.696290381335595343e-01
6.548692597408938276e-01
-6.108517048139378014e-01
7.611318159816524709e-01
8.145753415221607119e-01
1.104352994686278733e-01
-5.991012284284320533e-01
-4.366898113167165807e-01
4.946722329252656314e-01
-2.418848014805751179e-01
-5.550986724505690972e-02
3.307625634636951473e-01
9.227403619751708419e-01
-4.185908183806465871e-02
-2.043966399607717935e-02
-7.360216566341742928e-01
5.422231583820488199e-01
-5.352343727892437952e-01
-1.000000000000000000e+00
2.809895020249492670e-01
3.568419531220150542e-01
5.917564209207787362e-01
-5.991819757556913206e-01
-2.986322912390227402e-01
2.496285508127072117e-01
-5.756702115332448244e-01
8.090544368521516150e-01
1.401098861461622103e-01
5.886518173928950715e-01
-2.927154961168795463e-02
2.550160588390494310e-01
-5.133862485149343069e-01
-9.126491503932830929e-01
-8.548918913654469653e-01
7.162484215933060394e-01
1.082171537210984136e-01
3.628325396970503158e-01
-8.951770879885488919e-01
4.972559930087381286e-01
3.632486564896630910e-01
-1.157716028822381414e-02
-3.964486177934635758e-01
-2.908031520358674016e-02
1.775343650152441111e-01
-4.429358926065078000e-02
-6.427388538482199376e-01
1.421455973090770576e-02
7.787880367541980542e-01
-3.526236609103948205e-01
9.748315727517307128e-01
3.005387500638239673e-01
-6.823158314943557068e-01
-6.818911152522149077e-01
-3.557434401923912914e-01
8.378292856021318791e-01
6.486229090860662350e-01
4.575451588863543861e-01
-4.748238339112668682e-01
-1.073213267253735892e-01
-5.021255868744994855e-01
-7.440390441645717834e-01
2.177400386342860927e-01
-1.590102606148871001e-01
-7.801011680880928223e-01
1.326673382766011267e-01
5.909391152551566329e-01
-2.763855616838803986e-01
3.977526891798957576e-01
4.512451144322632279e-01
-8.526797651877100481e-01
4.484777008444133517e-01
-1.941137709157777225e-01
-2.140600183068888385e-01
-7.034118259617490043e-01
4.682066061789718625e-01
-2.915881335041174693e-02
-3.215329818841785592e-01
-6.836897519488632780e-01
-5.443192326511214763e-01
-1.350576599543531486e-01
-8.531597352056539130e-01
6.672511917041156204e-01
-7.250274749552767517e-01
5.497055061743654283e-03
4.280483904904728298e-01
6.825376113152724633e-01
-5.263088455154750767e-01
-5.742688317617122840e-01
-8.683825752569988010e-01
3.322120131152742628e-01
-2.520535450543615053e-01
4.320914463329499355e-01
6.173849459992538646e-01
-5.041175299463275250e-01
-4.580271417938612810e-01
1.117482091600139615e-01
1.990444678608759288e-01
-4.736052077864270626e-01
-8.314090410755317073e-01
3.432473605227645552e-02
3.087547923257000781e-01
-1.991363589174461046e-01
3.826594119639739611e-01
-8.692879091432064165e-01
-6.136363187949303022e-01
4.621230887019357469e-01
-7.712129254752291274e-01
1.859546623429376988e-01
-9.955623530949532229e-01
4.088415545545213969e-02
-7.191576641152003235e-01
1.618763864914689321e-02
1.676866052058428036e-01
-3.496731010860270050e-01
-4.317265772211058561e-01
-3.242865162127165496e-02
2.819104648068353480e-01
-5.549947294387764796e-01
5.069481141348862741e-01
8.013599733022112037e-01
8.281627055501212809e-01
4.860279738275996020e-01
1.423818109799498133e-01
4.750117773886874950e-01
-1.776750511213882333e-01
1.683374963627956300e-01
3.881171139487480937e-01
-3.624084295826961871e-02
-1.000000000000000000e+00
3.356692575427729919e-01
-3.294841230956976341e-01
4.248968461352034542e-01
1.280388261660524440e-01
-9.864385661058858168e-02
1.649492132830566171e-01
6.811138582414542064e-01
-1.997686034318931977e-02
3.398998007800280718e-01
-4.954782024438241783e-01
2.631897077257302486e-01
2.954585286795570198e-01
-6.398221462739789311e-01
-5.903445743117766709e-01
-2.548776483432875217e-01
-5.479772538174446650e-01
-7.670284274856140616e-01
7.379877502786760801e-02
-5.200178545688859399e-01
-6.325885225728531402e-01
-8.625636368123183739e-02
4.446778927092411848e-01
-3.336131226737583111e-01
6.071195861835407964e-02
6.831067671637700567e-01
3.976596186925792087e-01
-1.616619984555571210e-01
-2.150781839349976687e-01
4.864024650966194269e-02
-6.315748859264486148e-02
-8.117908107848628152e-01
1.505640078811158744e-01
3.100330867566180020e-03
-3.972709864625088572e-01
-1.040731416351901445e-01
-3.910206718298102624e-01
-7.437505111783795919e-02
-1.943075752194875216e-01
4.465537667651388598e-01
9.517935873481201403e-01
-7.240156327723991092e-01
5.375998230067677852e-01
-3.632774088321848172e-02
-3.082534484855816159e-01
6.092904876588324525e-02
8.008488976256203928e-01
-2.539887223025849572e-01
-5.414941334201925915e-01
1.450893886465501881e-01
-3.235480008196561230e-01
-1.237084265864853844e-01
-5.554628610547763801e-01
1.000000000000000000e+00
3.643346812035035964e-01
2.140427056527147501e-02
-2.613973094687460086e-01
5.782904005797980806e-01
-1.348366697298816752e-01
-8.921323193950170261e-01
-6.385517335312965725e-01
4.458402514094101377e-01
-3.830026550676541852e-01
5.072869845721161841e-02
-2.417534818672019137e-01
3.186831007258359993e-01
-8.792852325059039575e-01
-9.785739397583859134e-01
8.928461065392750973e-02
-3.146160281496537259e-01
-1.081883889890825207e-01
-6.202293193933260396e-01
-5.391302053928220817e-01
3.020793036132428666e-01
-9.262659116242143165e-02
3.405222186542940510e-01
8.601377401058382111e-01
-8.990743854001409519e-02
-2.187119804096011866e-01
6.263158790229337303e-01
-8.753380332704642219e-01
1.051455487665935336e-02
-8.464991099273516673e-02
1.566650061081511225e-01
7.019181170081822962e-01
9.135567323410050955e-01
3.154948290972377500e-01
-6.946245483652684349e-01
-1.000000000000000000e+00
6.788242758195013604e-02
6.014813842905549768e-01
5.771924903475850188e-01
1.283961049602462823e-01
-6.766501315644251058e-01
-6.030526290418677382e-01
2.307389104185023632e-01
8.034755992078660425e-01
-4.992658016255280828e-01
5.414944018075287246e-01
3.873935863323017537e-01
4.204176018282583804e-01
5.700301419018597437e-01
-4.585727951608975506e-01
-2.631289533428975147e-02
-4.744341577656218112e-01
-3.045474463675041932e-01
-2.790076176916974626e-01
2.417429494925764366e-01
-2.456461296823829465e-01
2.976695596314990477e-01
-4.476300645452278015e-01
1.000000000000000000e+00
2.940797180566740443e-01
-1.000000000000000000e+00
-7.428732689831196723e-02
-9.522009238849923340e-01
6.374414947005043741e-01
-6.451878466135623214e-01
-1.796349722172473906e-01
-2.341440538342353522e-02
3.329954018842919972e-01
6.808194960442141841e-02
-2.449078356717050986e-01
-5.450016594836348122e-02
-2.846284592489860543e-01
-5.429322333455097183e-02
1.534768398661214561e-01
