-8.183047346377367859e-01
8.740028341905063947e-01
-5.071842418933678598e-01
-2.179515651298133405e-01
3.053369100953275822e-02
-6.796187811165913528e-01
-2.457085298924276406e-01
6.273010106918436302e-01
-3.542711079583464318e-01
-9.632000817223197453e-01
1.207956305428235233e-01
2.713923262313935880e-01
6.349185924926424862e-01
4.595981757301262349e-01
-9.223531330813210527e-01
9.734122047417603785e-02
3.271927074912970856e-01
-1.000000000000000000e+00
3.922006488886313202e-01
-9.760223856047463009e-01
-7.643055868464128377e-02
-2.243463994371034942e-01
-1.130159219353893962e-01
-9.180049187094250218e-01
2.420771448810116466e-01
7.768986198746459237e-01
-5.736429307834709501e-01
-9.873302637112350844e-02
-6.351130728193395969e-01
1.218218706536130930e-01
-5.256775970289022659e-01
-1.219136193313844624e-01
-1.561870976785716472e-02
-9.894321797485917669e-01
-2.789130692647758675e-02
4.286478971932562998e-01
-4.477517635437224808e-01
1.667799491960554603e-01
6.102084974475854295e-01
7.121143336727592255e-01
-5.709275575780718981e-01
-9.667055822563310752e-01
-9.511531486473424613e-01
8.872732932563039132e-02
7.267991006149684408e-01
-3.449643618662794897e-01
2.829230261325438867e-01
-3.245580810897744084e-01
2.003257384854463530e-01
3.801564712208199137e-01
-3.479703024603607031e-01
2.976566151183945297e-01
-4.252139193068650846e-01
-9.544601334566812367e-01
6.428887213728123884e-01
9.998255465035182921e-02
6.311729422680123491e-01
-1.413180217263938221e-01
8.504850948910301911e-01
6.061186034747116924e-01
3.133671100481339455e-01
4.198425093829458166e-01
8.835110452960528438e-01
-7.409562989542445299e-01
8.940814086217400147e-01
-4.695634491789859588e-01
1.199208448459203741e-01
3.470159478175500190e-01
9.935291887537199829e-01
-6.858436783273831605e-02
1.629751760415965589e-01
6.916015827365440405e-01
-5.306047851126229897e-01
-4.051252986047152449e-01
8.221152116090441053e-01
4.921453263860425115e-02
7.584942586273886178e-01
-2.568525782824323048e-02
-3.272682561378010280e-01
-3.035446285230601615e-02
6.054417930370992879e-02
-4.626892751481897492e-01
6.332522907485466090e-01
8.633702389794907506e-02
-8.181787119372825601e-02
5.677962152921929295e-01
-3.277167651558017258e-01
-3.024300571597869913e-01
-4.696625911400126308e-01
8.470732917930809958e-01
-4.794195444232456083e-02
-8.028021689260268767e-02
8.549125105296797589e-01
6.135858403959107976e-01
-3.712925231729981013e-01
4.395726302103411531e-01
2.798855408356999974e-01
-5.346827223870987966e-01
2.248995117358740248e-01
9.994173888166970610e-01
-2.280672865632854540e-01
-4.081049006194352180e-01
-1.755364763857420740e-01
1.323935046393481252e-01
4.176928258603508914e-01
4.404896533689497407e-01
-2.749720642371525914e-01
-1.479705766602413264e-01
-2.968634298843290248e-02
-9.263363718587376283e-01
3.033741110808799157e-01
5.765630025667829728e-02
4.375371078273208592e-01
-5.593927895625544489e-01
4.495634550767275139e-01
5.675882552684606841e-01
-9.546747057537087466e-02
-2.495701112055506987e-01
8.835811989355834006e-01
-4.219140449879030252e-01
5.335139790025203999e-01
-1.724909884714526803e-02
-4.672579543595800078e-01
3.472489078885555580e-01
-4.700208923491331348e-01
-1.746204981915504273e-01
-6.054705953333392454e-01
-4.127507763502417104e-01
-6.857622003596642868e-01
3.641185666025180678e-01
-1.000000000000000000e+00
-3.006649232891981938e-01
-3.798835542496802886e-01
2.182251654072863978e-01
5.583725033838701224e-01
-7.820146474131071113e-01
-2.449080165585201460e-02
8.594148356091659219e-04
-2.676755610001729235e-01
-6.914150495030412236e-01
1.283451753236024284e-01
2.861360871543334738e-01
-1.386656375099575844e-01
3.770138068626370798e-01
-6.252611064355677595e-01
-3.377107077285835257e-01
-7.694737558180062553e-01
4.848530366925579149e-01
4.480272386967761034e-02
-6.413168726896311123e-01
-1.087953512194370365e-01
-1.055219578985743673e-01
-8.112148317812356568e-01
-5.222286433453352528e-01
-5.040541014612085480e-01
9.539556009048578700e-01
5.107296000176937412e-01
-1.152608878094765338e-01
1.222378550601406627e-01
6.341374702862893065e-01
-1.640511778135082532e-01
4.771853827131005144e-01
7.209680029034114535e-01
-2.719978629850672291e-01
-5.807894247873965909e-01
3.481913600866904934e-01
-7.813893027147573722e-01
4.273203748256056977e-01
-6.517940449483605736e-01
2.449501534901078748e-01
-2.022770287150085500e-01
-1.669483549897734231e-01
-8.161913104677622766e-01
-3.748953052847026624e-01
-9.417047492179480006e-01
5.460742784255379068e-01
5.912652621724888702e-01
5.852727910658064858e-02
6.854812778682060070e-01
-7.959151169104208279e-01
8.237111722696459359e-02
-3.002031776357264592e-01
-5.677016219717868212e-02
1.546470708651166981e-01
-4.284382035960717094e-01
4.848556848281294629e-01
8.752006636131848261e-01
3.042692207943814009e-01
-4.606233212600341353e-01
-2.357929933133415257e-01
-1.413248978212640339e-01
-5.746752025461572544e-02
-3.460493693316863406e-01
-7.752487778687054965e-01
1.419713601668750325e-01
-8.917638612328032677e-01
-9.090320401023540553e-01
-2.906868412462376705e-01
-5.848461161569070699e-01
3.776949864675369639e-01
1.662629755538902465e-01
2.707949260296225735e-01
-3.594528738643665844e-01
4.192564983488202279e-01
3.845404737319199073e-01
-8.438477325844334631e-01
-6.180043919660724860e-01
2.323424876021248642e-01
-8.870132337269082123e-01
-2.173819930743943196e-01
-3.832283748960472747e-01
8.758187033361826135e-01
-2.386457606881451088e-01
2.793711326655650695e-01
7.401200923983037860e-01
-8.090338151356786245e-01
-5.966975285082478653e-01
-3.566877323777619124e-01
9.428211135828226119e-01
1.324511037278790215e-02
6.453562873827550783e-01
4.352168891019115859e-01
4.988036447983816846e-01
7.871187573515494584e-01
-1.491202766017397097e-01
-4.168831833683154797e-01
-1.046350663223842709e-01
-8.903265397767524680e-01
3.339844600886372750e-02
5.762868614198138895e-01
6.597401068935427881e-01
8.979297479020561523e-01
-6.196715242118527867e-01
-1.433015512416250803e-01
5.777501651414126416e-01
-2.450899515783577509e-01
9.344525210815904925e-01
3.811749184105270305e-01
6.721909492744975179e-01
-5.579160786021963858e-01
-6.115787224488344886e-01
1.334253881962747246e-01
8.526549064218560958e-02
9.082541801615210408e-01
-2.866336444861224964e-01
3.434277625874980200e-01
5.676317750288256692e-01
-4.641494340054421741e-01
6.128442776347133858e-01
2.808284130108154031e-01
5.956296319907831149e-01
6.398190187090994074e-01
4.489717983893016240e-01
5.372951012376920854e-01
4.223337644144617431e-01
4.556248660203425227e-01
-7.246692881004815900e-01
7.953416249824087902e-01
-1.439153108734362030e-01
6.010110673373126461e-02
-3.019373005540229582e-01
-3.750126545242791209e-01
6.526603918823024042e-01
-5.839499005708534973e-01
9.894021444789249942e-02
