7.960205371613141567e-01
-5.135756353834524529e-02
3.318058914002693371e-01
-4.086394749038942953e-01
9.655037695115815666e-01
5.343964970227017552e-01
-8.218003036524380855e-02
-1.000000000000000000e+00
9.871569945065226115e-01
6.540817641823994943e-01
-7.807247250486178958e-01
-3.236286969249012047e-01
-3.202082337595565376e-01
-3.402157486291513822e-01
-3.594291072901992928e-02
7.526023259853303893e-01
3.888488172957871858e-01
-3.294867552504771036e-01
-1.041053792429122438e-01
-4.662299630406833706e-01
-2.736640554993628460e-01
4.635595316346850514e-01
6.628242525735532631e-01
-2.332701424308279425e-01
-6.065821192747010704e-01
1.661380571839426168e-01
6.229714049918934071e-01
5.965827686570764066e-02
1.000000000000000000e+00
7.968773265785132620e-02
-8.001467625541511808e-01
9.874642953787565736e-02
1.755729806678922034e-01
8.961499469132505613e-01
-7.770804202002005168e-01
-1.308946522525905043e-01
-7.590686141358607419e-02
-2.187310420203044878e-02
5.969123127979510945e-01
1.382920836534512476e-01
-5.401807892372619685e-02
3.168001690372543311e-01
-6.508051775720380405e-01
-1.419167683139835601e-01
-7.991004867696686054e-01
1.220854465983944453e-01
-7.880883975405748032e-01
2.210378327141137023e-01
-5.649590579335507512e-02
-6.927859468988358804e-01
-7.101905253474151136e-01
6.831344517303098440e-01
7.830301699065125298e-01
-7.863134578912862604e-01
-5.483144674903099591e-02
8.471854881205861387e-01
-1.401755048933044923e-01
1.961944552692931054e-01
7.046678062622481198e-01
-8.236273108928254816e-01
-2.129904000106919992e-01
-7.827885542376338268e-01
4.041198360940356782e-01
7.926371197127309864e-01
-8.954878593634243433e-01
4.075145662933994384e-01
1.646480428572447419e-01
6.332749946440879851e-02
-2.677485070710926562e-01
8.229406625337776227e-01
9.954184872202227474e-01
-1.748840120472744397e-01
1.401460512302015460e-01
-6.359256042158726308e-01
9.824541457777028475e-01
1.161410801573848142e-02
5.903159276678840994e-01
2.700516635766671281e-02
-2.564014943349159914e-01
-8.497474299743301707e-01
3.548113496324744043e-01
-1.623634496235976943e-01
-7.706905435260618109e-01
1.670652479687734782e-01
-3.838026287284084237e-01
-5.986034878701717021e-01
2.434048416565896544e-01
6.489907824879147524e-01
8.282343123292625897e-01
2.724372383561286456e-02
9.150746190147337478e-01
-8.678292879856880360e-01
1.536596180198210038e-01
-8.287721951020077249e-01
-8.303979589292201924e-01
8.479296452025713027e-01
8.105403527026284749e-01
-2.302130145039080478e-01
7.709826810614898163e-01
-1.000000000000000000e+00
-5.848348956082318750e-01
-5.588106397737149234e-01
8.013577344051138474e-02
-8.010285717815680828e-03
6.550494790207438411e-01
1.681762424853687210e-01
-6.245285306510812706e-01
3.581861454284468449e-01
1.000000000000000000e+00
7.638149247799392860e-01
-8.757618506743571896e-01
-8.249526176300924218e-01
-9.577202036174802258e-01
3.892700579052191800e-01
-8.925133860380731754e-01
1.812226021716726310e-01
-4.275978767603195729e-01
-4.340350580925521340e-02
6.264284815056563316e-01
-4.001282270888295578e-01
2.899648623140066439e-01
-1.512399900931281904e-01
-7.136991891941130151e-01
5.253746324214418895e-01
-1.980264968928512337e-01
5.701705676199050332e-01
1.933449591837965997e-01
4.721154195507760720e-01
-7.306097971681065895e-01
5.626521424409296479e-01
-3.703982710092217912e-01
-3.978181285463681105e-01
-3.658814255578385355e-01
-7.846045177525076131e-01
3.510588790141165316e-01
2.451773774204506484e-01
9.797895581553155431e-01
-2.955701113313357609e-01
1.000000000000000000e+00
6.174008191329479756e-01
-4.763552129236182098e-01
1.765267758997237368e-01
-2.115088219723708085e-01
-6.813000146897570941e-01
5.559161174363285163e-01
-1.315911258023048369e-01
1.114047174948523539e-01
1.268495679958643041e-01
9.188060730550283439e-02
7.054463104395896078e-01
-4.866301798154905045e-01
-5.754225628011802041e-01
-2.878954740704116055e-01
-3.760503486997052724e-01
1.000000000000000000e+00
7.416113013476166582e-01
7.221756917067045922e-02
1.215730947980550453e-01
2.868626591759120270e-01
-1.903819069540773831e-02
9.450727725275919200e-01
-3.410107894302560338e-01
-4.850249732128285030e-01
-1.000000000000000000e+00
8.383024020995165637e-01
2.277055957112643914e-01
-9.360360717599407465e-01
-8.692170384168573793e-01
-3.487338169638181662e-01
4.476548721397645147e-01
1.707593442746420109e-01
6.785164095039264431e-01
-2.975067802096683089e-01
-6.994615168228897062e-01
-4.407124168707933498e-02
3.425508334108774422e-01
3.850384994753555112e-01
-4.724572784669665015e-01
4.221617844484381044e-01
-4.063187540517980145e-01
-4.067736922350319029e-01
-6.497791599483474512e-01
-8.476178046469957927e-02
-3.316327260471725324e-01
6.625000929689054407e-01
6.924156787002426761e-01
2.483355442125113610e-01
5.479420388985448698e-01
2.597106694876419319e-01
-5.516001718744297788e-01
-7.133482992141053636e-01
7.068479456509937364e-01
1.025717453536239138e-01
1.486709060831871432e-01
-6.748619105682156505e-01
6.125727596607006831e-01
6.954378051882949968e-03
6.088350774257390574e-01
5.240861766519911980e-01
8.984426621410029901e-01
5.299991174297008500e-01
2.462941302732557514e-01
4.575814243393921954e-01
-2.041640514890377123e-01
-9.964585624193027513e-01
6.857617371522525818e-02
-5.702509149473682371e-01
6.105514050542368842e-01
5.406734485576762950e-01
5.272159969876013541e-01
-6.700369761913779199e-01
-1.566399359651741985e-01
-2.805648047830038971e-03
1.139008544482408847e-01
5.259951958552763207e-01
-2.096852198969734529e-02
-3.345162550149778924e-01
5.285235810921093957e-01
3.988170344907513432e-01
-3.332007240480056587e-01
-1.534390231267620530e-01
-3.392040415927004005e-01
-4.889364652072021866e-01
-6.026511498228848129e-01
2.780131791004068070e-02
-2.327625846191435643e-01
-2.784642690951121824e-01
-3.549959306788679769e-01
3.429778268615418790e-01
-8.086282814458742862e-01
-1.944683805316841652e-01
3.760967140127246533e-01
-5.629078750563075717e-01
3.170168087817937796e-01
6.376221393521468439e-01
-7.969002503001186566e-02
-7.053884398934965327e-01
-6.027543871855257640e-01
6.776371611548441809e-01
8.537013971907212451e-01
-7.589338931696546497e-01
-1.364251353598164018e-01
-4.142813253231018011e-01
1.000000000000000000e+00
6.788912058086643553e-01
1.198136037225343564e-01
6.265677779552578097e-02
-5.206081137954611249e-01
-1.028881348176501238e-02
1.774627039948973584e-01
-6.780132155716522835e-01
7.779693351633054643e-01
-7.487739046164695322e-01
9.451354693932740858e-01
-7.558128367412424442e-01
-2.771449229849371476e-01
-4.969310775491705967e-02
-1.000000000000000000e+00
9.574357251936250757e-01
-9.251639726290933341e-02
-4.941036590915147686e-01
5.065522038929619608e-01
8.952588372541325085e-03
-7.997467993741903536e-01
-1.875553615945185770e-01
