-9.505429090675510118e-02
6.737515054949232418e-01
1.732100090481645815e-01
-2.079783149508255824e-01
2.388568914039244651e-01
-3.324800775659456087e-01
-4.046979584387027651e-01
3.767853179660540786e-02
-1.000000000000000000e+00
-1.000000000000000000e+00
-8.969455685371882092e-01
7.000569267441300036e-01
-4.289890344704477831e-01
-6.399540705737272184e-01
7.948382697261022756e-01
8.510466189853681529e-01
1.369405117499565561e-01
8.212089217375274641e-01
7.200051680058306980e-01
3.916668918199801008e-01
7.633526782507534802e-01
-4.581004767017558543e-01
7.464064864819938694e-02
-3.875070313481863704e-01
6.531918729073254992e-01
1.455656776097586647e-01
9.552796552385546258e-01
-3.155280866179053789e-01
-3.253066786720180681e-01
5.729071449282029382e-01
-1.217237836196520123e-01
1.321031636131617393e-01
6.517424578047165129e-01
8.679283514839858382e-01
1.429339916605400218e-01
4.122257602408717359e-02
9.191670377606887543e-01
-7.149704654377417867e-01
5.148444864941461585e-01
6.038318636710653387e-01
6.623436575908134838e-01
-4.931055627100842109e-01
3.010963979743428998e-01
2.054574119850013092e-01
-8.292093217103108094e-01
-7.096770474415523000e-02
5.025763737587525259e-01
-3.860029923561061893e-02
6.776530829560930558e-01
3.912607361962104346e-01
2.824315620389680204e-01
-5.319817277695355617e-01
-1.463199552551002203e-01
-5.467298047861602894e-01
6.882097624448649809e-01
-6.765798652339944930e-01
-4.007012573890042506e-01
6.445299762115382913e-01
8.114481992363081764e-01
-4.315170177116580685e-01
-3.114900365987688935e-01
-8.409036452384116567e-01
6.012577539236654278e-01
-2.271747728252391518e-01
1.000000000000000000e+00
-5.157232867373376939e-01
1.338404144940285312e-01
9.059026374199554699e-01
4.248361653146279782e-01
7.233236234571449597e-01
1.303594211062707731e-01
-1.784670843714395438e-01
-3.434355825810488094e-02
-2.542148267247224067e-03
2.210899408963020452e-01
-5.127315723380683199e-01
4.378871073405035674e-01
2.449666950633582196e-01
-6.341879967436289123e-01
2.849577272886998427e-02
3.792146871571562272e-01
4.991754283596566144e-01
8.606223292630506005e-01
4.106616210628584451e-02
-9.340542654450023630e-02
3.099652040966172639e-01
-2.771656815005172358e-01
9.172947729802258809e-01
3.752984406852765686e-01
-1.000000000000000000e+00
1.694416844748130868e-01
-6.010092422418567004e-01
-7.084372102944922478e-01
8.642967920728875653e-01
4.960182316752268505e-01
-2.688228436460616821e-01
-4.382771818710922695e-01
-2.045796688903004645e-01
9.107437825412919574e-01
-3.130663202426390845e-01
1.300862558715345785e-01
8.852438526642698868e-02
3.283573774900604980e-01
5.694889772430745678e-01
-2.714145883729980890e-01
-9.981445494495536641e-01
9.621397307189819559e-01
2.755206474946278461e-01
-4.988504059963565496e-01
9.127630165534800222e-02
-7.894031070903989589e-01
-5.263570110194372431e-02
6.799434809174896843e-01
1.000000000000000000e+00
9.728340497728882319e-01
-1.992162883656144190e-01
-8.064641386407270796e-01
-7.050039072350426927e-01
7.571854791691912112e-01
1.717229615477353366e-01
2.554125544729146102e-01
6.674967255358795759e-01
5.201704557897861569e-01
-4.773727563724798895e-01
9.063727292550410874e-01
-1.824575144810613170e-01
-6.747808837510149704e-01
-9.875262879837448660e-01
-5.515048918945238965e-01
-3.752407617610177271e-01
2.892918657107452773e-01
-5.136139299453609253e-01
-5.360555286143727782e-01
7.059809656154515389e-01
5.967458600962467496e-01
4.780472032153653128e-01
-1.949300702296422050e-01
-2.642387753316177701e-01
5.964178866663440992e-01
-2.532936523176150881e-02
1.328947872196207039e-02
-3.843293103413459866e-01
7.950418605257848492e-01
-3.728752772846677943e-01
-7.878127384390808396e-01
-6.181104287438284883e-01
6.602853427639473471e-01
-4.149458820146752491e-01
5.668523385847309415e-01
-8.305329294989601818e-01
2.584828026124874056e-01
9.946576872082538157e-02
-1.000000000000000000e+00
3.026861810974091349e-01
1.000000000000000000e+00
-4.820963985823781967e-02
-5.802479227791317307e-01
-3.191705785337006218e-01
6.475155678014666849e-01
2.119778146204976677e-01
9.972235546612631119e-01
9.328853701351567940e-02
5.085572522115065774e-02
-8.777302522682620678e-01
-5.473724319965992402e-01
-6.599715718666985254e-01
4.195891948107811076e-01
1.993502935130919695e-01
-6.134581942055505888e-01
-1.765036410556241886e-01
-8.719256661617094117e-01
-5.511641556400864728e-01
-1.992211808848121102e-01
8.096429699812711656e-01
3.060296810817985103e-01
4.860821254727927532e-02
3.868272203510680352e-01
6.147130466679885490e-03
2.112592919588336393e-01
-1.601067857181402154e-01
-6.443520963357843856e-01
-7.330364693395614584e-01
-3.877725346263206918e-02
4.012069761329977169e-01
-6.680940097384886478e-01
7.337906925012920301e-01
6.957634743420438861e-01
-5.300252750997460627e-01
-1.689777603328322941e-01
8.696037319434514190e-01
-7.515911730181009665e-01
-1.000000000000000000e+00
-6.472678714404335176e-01
-9.393453908387897067e-02
-8.074775672931436832e-01
3.822777941406591551e-01
3.952684482395180804e-02
-2.697002131648063572e-01
7.847802329711849045e-02
-7.788771739754744017e-01
5.900866438139905634e-01
-3.722758873339184205e-01
9.025801493034395495e-01
3.486681052859023078e-01
-6.585246516223766111e-01
-2.533729310975642579e-01
-3.542494202912843115e-01
-4.748351270407796809e-01
6.047599577679396710e-01
-1.864374782333043101e-01
-7.639254361633437407e-01
-4.081226539745849147e-01
9.613609225783286139e-01
8.816940924773197796e-01
6.693809841379390058e-01
-7.324050636190623242e-01
-8.518038154002447460e-01
1.874658530019319425e-01
-5.173008666760245955e-01
8.905062850885210324e-01
6.732619737964277151e-01
8.230653579498065087e-01
9.609682290252617998e-01
5.481002554383718889e-02
-4.400482891013000608e-01
-5.429792287492292147e-01
-8.144062694035705263e-01
6.129304574575719089e-01
6.808672996890375861e-01
5.695475463399860688e-02
-3.807002317092126331e-01
6.812860266041057544e-01
1.828869570632452868e-01
-1.106421164101434734e-01
-2.752977819781292634e-01
2.265465623790537675e-01
7.056378977809654729e-02
-5.981492423071697040e-01
6.607851844761056803e-01
8.705961779230674269e-01
4.719371149454962833e-01
-2.884225447177767299e-01
-4.903821120494160357e-02
4.298271103171005803e-01
-1.198430882762869382e-01
4.208420473383639449e-01
1.000000000000000000e+00
4.021152379133905441e-01
9.356791585942081380e-01
-8.612116263272544259e-02
-8.316558945251572021e-01
-9.536083837444681022e-01
2.642420000715223205e-01
-3.353404031657147844e-01
1.661464710799993028e-01
-3.669625348676934795e-01
-3.127997049875873570e-01
3.789350762061166611e-01
-3.503035033990459790e-01
9.211205049986103122e-01
-8.453090147301132173e-01
4.794310616971475536e-01
7.627397310202932434e-01
6.569891485293443134e-01
8.993978865638317943e-01
