

gen best
1 91.490612
2 91.490612
3 91.490612
4 91.490612
5 91.490612
6 91.490612
7 92.690612
8 92.690612
9 92.82385
10 92.82385
11 92.82385
12 92.82385
13 92.82385
14 92.82385
15 92.82385
16 93.409567
17 93.409567
18 93.409567
19 93.409567
20 93.409567
21 93.409567
22 93.409567
23 93.409567
24 93.409567
25 93.409567
26 93.409567
27 93.409567
28 93.409567
29 93.409567
30 93.409567

gen best
1 91.912404
2 91.912404
3 92.658358
4 92.658358
5 92.658358

gen best
1 88.272746
2 88.272746
3 90.601503
4 92.189365
5 92.189365
6 92.189365
7 92.189365
8 93.409567
9 93.409567
10 93.409567

gen best
1 75.900134
2 91.490612
3 91.84704
4 91.84704
5 91.84704

gen best
1 91.490612
2 91.976119
3 91.976119
4 91.976119
5 92.207043
6 92.62385
7 92.62385
8 92.62385
9 92.64704
10 93.067281

gen best
1 91.490612
2 91.490612
3 91.490612
4 92.690612
5 92.690612
6 92.690612
7 92.690612
8 92.690612
9 92.690612
10 92.690612

gen best
1 87.629516 13.929592 32.46764
2 91.790514 41.45935 36.569547
3 92.131096 67.129151 25.43704
4 92.131096 77.961487 14.844402
5 92.53704 86.142542 5.522111
6 92.53704 89.09828 1.969092
7 92.53704 89.474561 1.988437
8 93.207043 90.032605 2.003072
9 93.207043 90.746459 1.776405
10 93.207043 91.449793 0.818574
11 93.207043 91.488777 0.805379
12 93.207043 91.488777 0.805379
13 93.207043 91.642824 0.384452
14 93.344679 91.77472 0.535841
15 93.344679 90.591182 6.229076
16 93.344679 90.155641 6.775465
17 93.344679 91.911477 0.598658
18 93.344679 91.934283 0.588982
19 93.344679 91.669313 1.203516
20 93.344679 91.704164 1.198802
21 93.344679 91.627147 1.382708
22 93.344679 91.875813 0.923839
23 93.344679 92.074134 0.580849
24 93.344679 92.099478 0.571345
25 93.344679 91.970981 0.981585
26 93.344679 90.021868 8.34294
27 93.344679 91.917839 1.256207
28 93.344679 92.113803 0.999562
29 93.344679 92.164289 0.968751
30 93.344679 92.180404 0.965771
31 93.344679 90.769805 7.963542
32 93.344679 92.341323 0.535325
33 93.344679 92.234517 1.008815
34 93.344679 92.392375 0.49458
35 93.344679 92.450457 0.453866
36 93.344679 92.317133 0.983424
37 93.344679 92.386934 0.673808
38 93.344679 92.353192 0.972226
39 93.409567 92.322747 1.085507
40 93.409567 92.334253 1.094007
41 93.409567 91.798605 3.147725
42 93.409567 92.436757 0.760486
43 93.409567 92.570459 0.500177
44 93.409567 92.341808 1.374832
45 93.409567 92.364397 1.076534
46 93.409567 92.373412 0.994511
47 93.409567 92.580068 0.56253
48 93.409567 92.644137 0.433974
49 93.409567 92.572005 0.647946
50 93.409567 92.657184 0.403817