-8.813632396926146528e-01
6.429747403784874527e-01
-7.887989942587370074e-01
-8.173839719009023952e-01
2.838427205178971693e-02
5.930492791625133764e-01
3.954015244424322617e-01
-4.972170555127672364e-01
-6.251791755505073933e-01
-4.318359248387644289e-01
-8.761482663878357169e-01
6.494606239319059005e-02
7.092775047787674980e-01
-1.549158382922061206e-01
-5.939833443703889104e-01
-1.088388205851235913e-01
-4.997645924688494667e-01
-7.538737325239073250e-01
-9.919337807340629087e-01
-8.914642042148233081e-01
8.858578840636699425e-01
8.988251088428347302e-01
1.116908002076366646e-01
-6.038580337457253311e-01
-6.271729002121032570e-01
9.940862295462361831e-02
9.544928158834045662e-02
9.509075718451890369e-01
7.820426400654028054e-01
-7.216374800535780842e-01
-8.785540164097093152e-01
-1.746282678918711084e-01
7.077307428410497536e-01
-1.475004091395448746e-02
-7.930464753819673751e-01
-3.546360717011411978e-01
5.548979195594045538e-02
-1.000000000000000000e+00
-4.066661587225868235e-01
3.573690717493274160e-01
-1.059550639714324990e-02
7.765843915219275972e-01
1.495268689445903854e-01
-8.221854620631663391e-01
-3.972500551511592981e-02
2.220479367622262279e-01
7.189407464575866546e-01
8.212759716877148231e-01
-8.993582849129251253e-03
-5.884608357684767421e-01
8.658542093348730040e-01
3.401146152571892234e-01
1.070542342769507244e-01
5.152823511369690745e-01
5.402516621100781347e-01
2.261575222315070910e-01
-4.140983479414782620e-01
1.741693899722044081e-01
7.574887830004302103e-01
2.065903360448234916e-01
4.291859651012568388e-01
4.797312414133788061e-01
-5.912577041938394951e-01
-5.106793317215189282e-02
-7.280817338800230076e-02
-5.416631768991247986e-01
-6.462413849857420178e-01
1.000000000000000000e+00
-1.952589292415630451e-01
8.118222606846204892e-01
-1.667171062369135828e-02
1.020184330773821896e-01
-8.429800928707378849e-02
1.302503488463555292e-01
-3.874539532230496519e-01
8.571109210984495519e-02
-1.488169684364342715e-01
6.241076794200468569e-01
-8.958496258953260183e-01
-9.122414080796226177e-01
-7.431429834906148058e-01
-5.930294601102464869e-01
1.334113837836373717e-01
9.646563479726902868e-01
-6.578536251414037750e-01
-1.193639206375569223e-01
-5.069857010270737430e-01
8.967412712043572043e-01
-9.131112565350447685e-01
-1.464398064223561002e-01
4.538726740793264103e-01
-4.910183140942084301e-01
7.930579054287753005e-01
1.341003066554311007e-01
-5.015254439653533680e-01
-2.753990427812398334e-01
-7.289438606231977147e-01
4.571961471708491653e-01
1.349449243369214846e-01
9.514071616663286046e-02
-6.695557456939205121e-01
-2.108239579794357887e-01
-5.482531970051637282e-01
-1.186784698549431388e-01
7.351925241583575632e-01
-6.616120281991585972e-03
-3.801862225243693438e-01
1.258271345424198662e-01
-4.226969126346565298e-01
-5.554097398404556074e-01
-4.743824630161246336e-01
-4.440460714249530039e-01
1.230870756322683529e-01
2.386489637804949382e-01
8.852234685061327601e-01
1.411281593797785727e-01
-1.716365454001334279e-01
4.096013700301270877e-01
-6.165928761629833887e-02
-1.745228505421472232e-01
7.597560766165329937e-01
3.877725399828604314e-01
7.290593712234356705e-01
9.332441323347558937e-01
1.504390131081607407e-01
2.882021177910464305e-01
8.584593858046191128e-01
-4.686335132066254960e-01
-6.047505083497750622e-01
7.967076439316620462e-01
-4.746414214460469017e-02
4.898329141305269308e-01
-1.000000000000000000e+00
-9.457134892928492631e-02
-4.757209814215392352e-01
5.659175001118359472e-01
-2.177965330221054430e-01
-1.849941885453906254e-01
7.286390078912560186e-01
-6.292618447432268836e-01
-7.517136783550212309e-01
3.581942555191298672e-01
1.925797184882949431e-01
-9.361031048780064090e-01
5.893063641656300922e-01
2.409904474103161387e-01
4.777042582612245902e-01
9.063347311414684526e-01
-5.736988566548110180e-01
9.280794450455893685e-01
-8.503956417473532703e-01
4.962217019542758401e-02
7.194848756929519418e-01
-8.512673417032493028e-02
1.159434289246235733e-01
-3.707172339455015037e-02
-4.477990228449709176e-01
4.366536808377177170e-01
6.177375299966755273e-01
1.881423314857814597e-02
3.523726097479525088e-02
-8.537354977347952900e-01
1.204054012572058768e-01
-4.160534119135081421e-01
-7.910868717742709499e-01
-9.140523941812016551e-01
-4.023138960827539190e-01
-9.860082130085358054e-01
6.106798615504461791e-01
-1.944887531024824534e-01
-3.497962413957085293e-01
2.579576891118410820e-01
-6.363240259336675475e-01
7.961336008490111915e-01
2.464871461508914841e-01
2.357559048603028451e-01
-5.663609231697576130e-01
-3.812695493974830319e-01
-3.140488908832796411e-01
8.822791225631915202e-01
3.101939918126767615e-01
8.098639395801817686e-01
1.428814294735311352e-01
-6.682316644502991343e-01
8.151175059406273737e-01
-1.755268258410689619e-01
9.110962857698460260e-01
-9.179513756364523491e-01
3.230852592415399127e-01
7.601756302575346513e-01
-9.535517855611360671e-01
-8.870136947644786662e-01
4.166164612744532869e-01
-4.264188294167317594e-01
9.691232551528038419e-01
1.920102254697965971e-01
1.000000000000000000e+00
-2.732639187299269468e-01
2.139934015839590337e-02
3.563055788395314560e-01
7.640474960827486894e-01
-6.095615642810832124e-01
9.089982019313536110e-01
-7.118913946087330746e-01
7.787635160326593635e-05
-9.459593648493471729e-01
8.258378034902469356e-01
2.272359293115362444e-01
8.063110769531209865e-01
5.263345671034765029e-05
-7.064444662304755207e-01
8.165369529040307217e-01
7.678292385395887321e-01
4.303770316823216265e-03
-7.531383668010689370e-01
-6.128605869463178424e-01
-1.269774716999303443e-01
4.218738784957644650e-01
-6.429321497759021842e-01
-9.641365608472659554e-01
-6.173376505179654083e-01
-7.543603481654168608e-01
-2.749607593354478907e-01
-1.273325412600376794e-01
-4.279906161272652998e-01
-5.190640350829116983e-02
6.846121857169003289e-02
6.110161139975905931e-01
5.662959688363871091e-01
6.664138378910282601e-01
-4.652155193786658982e-01
4.840239970284635485e-01
1.432704052217338153e-01
-4.272824416293043992e-01
-3.524378488947558230e-01
-6.382599882945039216e-01
-1.585168088506274386e-01
-3.294480182738878105e-01
-2.778164644823808982e-01
7.817737704678131561e-01
-6.303706280474336010e-01
-5.247598548179114308e-01
-7.491436959005367546e-01
2.042236078795532928e-01
5.647697810414468167e-01
8.536323720983843844e-01
-1.045339093196318431e-01
6.203870866080959390e-01
2.795374243767475564e-01
-3.145085241510221508e-01
1.071914713873012986e-01
5.703893001478854696e-01
-3.820444449801593256e-01
5.092213922471625631e-01
-4.940810397763880091e-01
-4.757896506734954900e-01
-6.949417165416164055e-01
-9.446906548340875398e-01
2.473196538151575252e-01
4.932379344026351919e-01
1.244049473061148853e-01
-6.960892777308788082e-01
-2.469802322329337774e-01
8.228111753753846180e-01
3.500048252167646257e-01
