-1.899617448942985398e-01
7.694730064379730061e-01
-4.144536903744352324e-02
1.295165970863984724e-02
-7.628468691719343664e-02
9.651485949161843492e-02
9.275531834675261600e-02
-2.701879981790611049e-02
4.878774439320706646e-01
2.249516589078737749e-01
-2.612745092297933946e-01
2.681458265830713450e-01
-7.735292077489538398e-01
7.605267215134903225e-01
4.073514404240471259e-02
4.437415950867586445e-01
6.952249979704274718e-01
3.424566982074889188e-01
-2.762812105443679944e-01
-3.523345774205448033e-01
7.770087270589542960e-01
5.573488944033244685e-01
-5.936963299644082426e-01
9.271315224164364613e-03
-2.071235324180736859e-01
4.493238288188151075e-01
-9.316431856598382799e-01
-7.556789872275432307e-01
-7.411548084503232214e-01
-4.199060168728022679e-01
-2.706544749461615162e-01
6.600908167980247265e-01
3.713503138265041859e-01
9.597322499559113318e-01
-1.717180228778374951e-01
-2.985116552418403679e-01
-9.130831284317457719e-01
-3.272745314195190346e-03
7.888431481818607149e-02
2.127579896435555229e-01
7.846304012261596794e-01
6.054886100525141979e-01
-5.167507667745645517e-01
-4.154107076238618412e-01
-4.663607216929507859e-01
-2.153314217781757967e-01
7.635931405970973751e-01
-7.547500345233861818e-01
-1.000000000000000000e+00
4.025416729607932953e-01
9.627137446312216129e-01
-7.903143983761991009e-01
8.728225491422743065e-01
3.600842405472360896e-01
-5.554883840165271147e-01
1.320861041256823909e-01
5.186950971434969304e-01
-7.580960895707097302e-01
-2.131364122725568078e-01
-7.828543416316069425e-01
-3.409896753415859738e-01
-6.846646442190208459e-01
-1.691862369634094254e-01
-1.206884481493589040e-01
-4.112500309236541418e-01
3.111010363470054774e-01
-9.928889923097006243e-01
8.325441835549027836e-01
-6.675489912274399362e-01
5.353079686483028787e-01
7.770548208932805956e-01
5.669991640733378357e-01
-1.349239099212495852e-01
-7.336891088447227149e-01
4.383078517290347476e-01
-7.973637787162037860e-01
-1.900806014874146244e-01
-4.282702698657584600e-02
5.889456566161509476e-01
4.273205130507753968e-01
-1.021238090117913694e-01
3.306821276224969908e-01
6.130816234271039278e-01
4.403891294438833648e-01
-1.147448742435865365e-01
4.538756700542822403e-02
8.096641709932855813e-02
-4.122447989334691587e-01
9.536543634872227115e-02
-5.192342346456516218e-03
-8.261675751342464347e-01
4.506756452701508181e-02
6.068148090025921038e-01
2.821852725565947642e-02
9.924893832118288906e-01
6.214610555121504731e-01
4.172019730591548098e-02
3.374386554442822539e-01
-7.736627637170065963e-01
-6.007037853581072007e-01
-1.000000000000000000e+00
7.216821601313844203e-01
2.864712279949070406e-01
2.623467088606477038e-01
1.000000000000000000e+00
-5.987675909477672975e-02
6.104917844596230436e-01
2.814085741315131006e-01
6.626004612208582500e-01
1.692843312604054851e-01
5.151194359802797607e-01
-9.026077281342539393e-01
5.952306343460506133e-01
-4.009603317856850202e-01
-2.626037305215861775e-02
2.374897311187005589e-01
1.391659955140400751e-01
4.510981274309412425e-01
-3.789636500369040761e-01
-5.371965387793345981e-01
-9.917077144677023670e-02
-7.339616285463531620e-01
9.201263981320558782e-01
-6.649587666853713774e-02
-4.586111696402989102e-01
-7.500109175100140302e-01
-2.696253035065063197e-01
-8.623325449649665853e-01
-5.048344743737045448e-01
-4.337035410031083171e-01
5.738835784765776715e-01
-2.301948103150983360e-01
3.045265478995293207e-01
-6.449370752509340221e-01
-5.048696128214161805e-01
2.985956120083514964e-01
-5.720900008609369758e-01
-4.525937445290822425e-01
3.903353923565525685e-01
-9.806170784623078340e-01
-9.627808097675418786e-01
-9.052200275864445977e-01
-4.868611825418605599e-01
-5.977947620509303783e-02
8.090194818130040932e-01
5.308720853190970201e-01
-1.909327049653666286e-01
6.316506217861612704e-01
2.686522694194442076e-02
-1.000000000000000000e+00
2.567957707445577831e-01
-7.266192601612170288e-01
2.961219671182020452e-01
2.995807465924793522e-01
-1.554711953416362258e-01
-4.182647415338703878e-01
-6.751359658937403641e-01
5.489817862035303309e-01
-4.801017779251423034e-01
1.877073378628945910e-01
7.206401843850834821e-01
-6.860906198621724572e-01
-6.310415055487725855e-01
-3.368155903047497790e-01
-6.079976367033529394e-01
-6.479646110681733795e-01
-5.530431589480701016e-01
1.057425035323427825e-01
-9.965379239945509893e-01
-8.325399854244741604e-01
-1.605883724688982883e-01
6.783901637616477354e-01
9.393181898940100583e-01
-3.418039247186250851e-01
-2.619011360864093030e-01
2.737535161180188470e-01
4.598927060338394157e-01
4.924848346300936264e-01
4.720900874728525126e-02
1.050132200051697440e-01
-4.076582111876377035e-02
3.089573574429999581e-01
-7.408962165630932351e-01
6.920007963802244921e-01
-6.497687007529230618e-02
-2.182941326438590443e-02
3.601713346582792186e-01
-5.883412642100179779e-01
7.541434719932473829e-01
7.672176396318101110e-01
4.456283649344715547e-01
-1.316341436091670314e-01
-1.821639670582936021e-01
-5.403591784474427451e-01
5.765857622096095536e-01
7.544530647931336764e-01
5.085705261022864798e-01
-4.755827845581254154e-01
-7.852460698923329208e-01
-6.800534980615509373e-02
3.419371476619814110e-01
-2.856911751690781598e-01
9.788108327865658875e-01
6.989788012885275181e-01
-5.249961751809171240e-01
2.094518853966743227e-02
-5.870040422670393943e-01
-3.374810962277944304e-01
-6.624674511631346574e-01
4.763185422911114242e-01
4.415340862561564772e-01
-5.348696219808428687e-01
-7.659863144717706795e-01
-2.937007822446873750e-01
2.268776282861989790e-01
5.413950780589800171e-01
4.682869126467435472e-01
2.097801021642583807e-01
6.416215417706119251e-01
4.576419171842989186e-01
7.899608083042186646e-02
-5.340312800356733502e-01
4.945492556818029128e-01
9.051634904081783117e-02
3.177737242900999792e-01
-8.525340915661872021e-01
-1.628557102675574630e-01
5.920598039033047044e-01
8.583979852779795028e-01
5.961065708390579365e-01
-4.496427206690816747e-01
2.226090483475922366e-01
5.241429590083030998e-01
6.544317983194636312e-01
1.773574508548061146e-01
-6.958263947387507420e-01
6.144857626597362010e-01
-4.462310083755173240e-01
-1.945866856013201696e-01
-8.775250473711622146e-01
-4.722183580142492176e-01
4.152533883214958865e-01
-8.832344229496269516e-02
1.213890725081298722e-01
8.047392440746258258e-01
-8.548834974661461139e-01
-7.678843733164151253e-01
-1.128642507683146334e-01
-6.837005684827091034e-01
1.000000000000000000e+00
2.059177461915900342e-01
2.930497902067739080e-01
-4.330253401976306704e-01
-2.225872944675467979e-01
-8.519622783796756416e-01
6.369110226327331925e-02
-4.303572677481086184e-01
4.713382452199244010e-01
2.325170820833563634e-01
-6.624109628945324957e-01
-6.574828174898939004e-01
6.809817247915541660e-01
2.103382771298023535e-01
1.753093248435893814e-01
-8.806054288059179669e-01
