5.529872084137146260e-01
-9.666316323106716180e-02
-8.495885116609502852e-01
-3.424932531164312510e-01
8.613731751705463457e-01
-6.890004352053229197e-02
2.540727334267551263e-01
-4.856612769236068883e-01
-2.723663938017133468e-01
-2.155432808029849323e-01
5.586809210378597124e-01
1.843159760350916443e-01
2.042074840143645320e-01
6.072159438434323597e-01
3.058116960967247611e-01
3.158681240498499299e-01
1.105991828865171833e-01
-9.160758170669669465e-01
2.517648940549966907e-01
4.260258517675299950e-01
-9.336465047240981585e-01
3.328028952568825444e-02
2.366193371126476264e-01
2.985172120074401914e-01
2.623295992693898127e-01
4.298807127612454537e-01
-9.179531820835987732e-01
-8.526087913437946364e-02
8.753349257822723439e-01
7.909241048955987230e-01
4.498406866714813601e-01
2.715827028229838014e-01
-5.150598581739099791e-01
5.539077962874330296e-01
-1.385613445104567631e-01
-3.194711385911868512e-02
1.675434306900936421e-01
7.387106050518233748e-04
-1.215468242035831065e-01
5.320341882359621577e-01
-5.138061278271855992e-01
3.001917023475480506e-01
3.736135879492080702e-01
-9.410585544389558910e-02
-4.320828192805283297e-01
8.968812179907261761e-01
-1.000000000000000000e+00
-4.169806019775671446e-01
4.921480544055313322e-01
-3.283134466828326326e-01
6.639746359987681590e-01
-5.655933152440839606e-01
7.725111648575676560e-01
-8.712460435780947643e-01
1.463677146759164993e-01
6.834289189231211592e-02
-5.246759389143739183e-01
-3.746092620504661297e-01
8.100841218622399920e-01
5.173358375313883428e-01
2.540645943647984462e-01
-7.460911772806996245e-01
2.018364301005332040e-01
-7.514668570678774140e-01
-2.508759819070534997e-02
-2.043316208870361028e-01
-5.687359120639390309e-01
2.516945360289075673e-01
-1.111595259162607291e-01
4.494903172099061206e-01
7.131956593898073349e-01
-9.720858582271833803e-02
1.655080790219513598e-01
-8.698111973536029051e-01
-1.430159964944597850e-01
3.917276989882742533e-02
-2.783168979433401913e-01
-2.163335477985012800e-01
-2.492256983186028063e-01
-1.460809606636491453e-01
-4.057182455865470661e-01
-2.467207297439091007e-01
-1.000000000000000000e+00
-4.299279512774957235e-01
-6.842320799994161540e-01
-9.907854381764457097e-01
5.405211800483576967e-01
2.575976141363917060e-01
-8.597047508347188671e-01
-3.106964280538758172e-01
5.693172575048389694e-01
9.926232802455227100e-01
6.183671900371486840e-01
1.310827134190336966e-02
-2.847089123072071848e-01
6.952257473082388284e-01
6.578273918221242411e-01
-2.288467239394923747e-01
-2.862935603998737477e-01
4.007084082134508840e-01
-1.547658223456153115e-01
-2.239178991077628300e-02
6.003322877794885493e-01
3.612513281606723470e-01
-4.558632028383452495e-01
2.936970640149090261e-01
6.997376462307237643e-01
-7.947937735214495314e-01
4.227129361446861355e-01
9.557093247368670941e-01
-9.206536320758934577e-01
3.492268349831834651e-01
-3.637481876691661675e-01
1.009345696387629193e-01
-2.724104408252326914e-01
-3.914161968806660619e-02
-2.358451573532450302e-02
1.550124644162561016e-01
-8.974717225800916687e-01
-2.456125361661538054e-01
-3.971068991138316795e-01
-5.803193574331216853e-01
-5.065080652305588016e-01
6.647291389776972537e-01
2.290918002724555425e-01
-3.164108241474367644e-01
-3.738222590476394380e-01
-5.479887283962560085e-01
6.528619963762086753e-01
-3.882649981645824866e-02
-9.284592670653421184e-03
5.207856891021145351e-01
6.213291926886874705e-01
-7.981637489918484707e-02
-5.406508690293574393e-01
7.657732420844801657e-01
-4.298701817304885764e-01
6.355666429073402943e-03
-5.811269945621270194e-01
-9.291703891122737868e-01
-6.838330122386589993e-01
7.156710082426261943e-01
4.883808727925719739e-01
-9.626801866315117806e-01
5.323158646020439422e-01
5.124440755512856827e-01
3.930912416550352839e-01
8.977848914113054635e-01
-5.712994377588153094e-01
1.103228799938720389e-01
-4.490568159003962556e-01
1.046914034152934478e-02
4.305664598048984937e-01
8.398799748972094470e-01
-9.238272422147535412e-01
8.790372220321025498e-01
-9.419821353566437683e-01
5.667467382212054705e-01
-3.959332897177050281e-01
-5.165710972823459590e-01
1.757665839419081666e-01
-1.724244662451974719e-01
-7.595672004461866411e-01
7.007281465495843742e-01
4.437607296284572928e-02
-6.149463520916355064e-01
1.983940925480753570e-01
-3.182355343315902974e-01
8.857871150662998128e-01
2.116628271068491107e-01
6.511618986427580857e-01
6.625879611521249268e-01
4.528710011663153456e-01
-8.096130051357519619e-01
6.048721999570465524e-01
6.691230909079676215e-02
-4.173392483516438767e-01
-5.286221361781824335e-01
-6.739988472191636992e-01
-4.304872449963133563e-01
-8.591149497303975924e-01
1.666330758373183174e-01
-2.345259444699958062e-01
-3.313539577053798424e-01
-4.973343606989367172e-01
-8.231393795851530415e-01
8.697253386271734943e-01
1.995186395539616242e-01
-2.699595578016645292e-01
5.671400365667477184e-01
4.013191443216290732e-01
-2.229493187776709073e-01
1.618713371398576850e-01
2.688869360580041223e-01
-6.816864208448860651e-01
5.329536170486879332e-01
-3.014535785702926463e-01
-2.447007026613823299e-01
4.957945581948307590e-01
-9.570842822611790313e-01
-9.485475178024698195e-01
-4.303452999644881150e-01
-3.061127537955428135e-01
-1.000000000000000000e+00
8.813849383121613590e-02
-4.465914946617485781e-01
-2.808970405593884667e-01
-2.083254623779971781e-02
-7.392625089452588005e-01
8.198316575344037904e-01
-5.772777280357294094e-01
2.008828667035071625e-01
-4.810551252919841314e-01
2.250881644066706488e-01
-5.093437987190034821e-01
-8.438668844465030405e-01
-3.711876074803513448e-01
-4.760443433010444481e-01
-1.475952903942862604e-01
3.754978125610886619e-01
-5.743394672735584461e-01
5.336974558622061687e-02
6.004224629530368063e-01
1.874108021454191364e-01
-5.563703321202652097e-01
-4.226973090218776319e-01
-2.885659735430394779e-01
-9.543788509055874947e-01
2.004131822883674641e-01
-4.439242672041459059e-01
-9.365673557424206153e-02
6.554250366154411589e-01
-2.341691392923906379e-01
-5.208727154852588193e-01
4.756180258068756772e-01
-6.045092156193250243e-01
-3.668007890610131549e-01
4.480082220357718414e-01
1.957888524383827322e-01
-5.768951572216710622e-01
-8.701954222817961382e-01
3.123908438761008877e-01
2.460112755641802318e-01
2.321460884308109152e-01
-1.726674253827854000e-01
-2.989649364844472468e-02
-6.605958706867298691e-02
4.017269966651879076e-01
-1.628130500796353686e-01
4.559131589365582604e-01
4.247350383849032296e-01
-1.000000000000000000e+00
5.224868559116041533e-01
3.799641128183571248e-01
-7.257462492337546367e-01
-3.208427242303054649e-01
2.230905060140557228e-01
-1.865233383391118049e-01
2.728164568561475822e-01
-5.398374346937322432e-01
-7.959843952203592421e-01
-4.697360522357865720e-01
5.249508041950559090e-01
-5.577879686750526061e-02
-2.035288063623266475e-01
