9.217667494184810240e-01
-8.143620375170242953e-01
7.118371591147278910e-01
4.838101945138492122e-01
6.917546410395059020e-02
9.306126942508287092e-01
-4.807856667163644682e-01
-1.945486104873729583e-01
-6.691827687393381296e-02
4.079558194959051476e-01
-2.973884901251255819e-01
2.422515973755330621e-01
8.590569273761178293e-02
2.814050357598220087e-01
-7.785832698020994647e-01
-2.736017607793230777e-01
-2.857934814584175420e-01
-5.627148270880065750e-01
-5.132808517629717793e-01
-6.894605605094044076e-01
8.849413284612527297e-01
-5.222272697324035345e-02
-6.572215264022187586e-01
1.004415171427574249e-01
6.516704971845460603e-01
-2.824293457664220908e-01
8.613170263521284786e-01
4.396553843457695065e-01
-6.359224024776006789e-01
-9.031639094050025740e-02
-2.468373729522546633e-01
6.994333555522488366e-01
-7.508662499066591778e-01
6.449313060800265784e-01
6.740042541415613986e-01
-7.803581366481988635e-01
4.743814014714052840e-01
-1.000000000000000000e+00
4.068753819722918663e-02
7.802689049474553773e-01
-6.368484469324867669e-01
-5.688837806995830082e-01
4.696774348322528825e-01
3.035258881652541652e-01
-1.238876804997619679e-01
5.634762797063469497e-01
-1.000000000000000000e+00
-4.331813118397678242e-01
5.290803106134144285e-01
4.830868619630225569e-02
-3.276299877010402373e-01
-4.353622728420878385e-01
-6.477432831761888998e-01
-1.000000000000000000e+00
7.153745688473220898e-01
1.407392288747629505e-01
-9.489786709678650622e-02
4.566400334102285741e-01
2.582636740701013123e-01
-4.849028221276645290e-02
1.000000000000000000e+00
2.438912211082405468e-01
9.295404164399940772e-01
7.573414984194920541e-01
2.028827504793095371e-01
-6.229813452447461319e-01
4.593568133610962945e-01
-4.889454635562332507e-01
-5.690006498167787807e-01
-5.141588352551499375e-01
2.911585529807240169e-01
5.914765755105748646e-01
-6.717223587140267460e-01
-2.789673147660470809e-01
-5.298563415247659059e-01
-9.709319145237399473e-01
3.512704314610398115e-01
-5.583077189731798784e-01
4.481208799496844142e-01
1.503918713102398996e-01
5.320098853673213002e-01
8.780863025914387165e-01
-2.156723774823107453e-01
9.199013754707945356e-01
9.001544952815314637e-01
4.997856774268386593e-01
3.539480186689014096e-01
3.670168737322294233e-02
-5.255425773116106924e-01
-8.957141442193981007e-01
6.335645071036202225e-01
-7.534046972172628309e-02
-1.000000000000000000e+00
9.130524872553841265e-01
-6.528790382089034727e-01
2.302424553397167117e-01
-7.611886612397885665e-01
6.669357105381191753e-01
-6.291819707136185602e-02
-5.823753065568060272e-01
8.229698511473165778e-01
-6.145142325638031089e-01
-1.502891737129437300e-01
-6.679831286722078820e-01
6.967369349252338084e-01
6.637462971684897628e-01
9.759429988385978083e-01
8.882609205236590144e-01
1.000000000000000000e+00
4.561410911834984927e-01
-1.042629309682474165e-01
-3.901130092703952203e-03
9.012012881936762865e-01
4.313645192104928472e-01
-4.974005959377506558e-01
6.725419581724549900e-01
-6.697100689726571687e-01
5.782196103001089466e-02
-3.907255807060746045e-01
-7.211181574337717226e-01
-8.200418616280652495e-02
7.910205597248300968e-01
-3.633555872916705010e-02
1.697170062956749048e-01
1.704414503478961507e-01
8.701694562419093337e-01
1.000000000000000000e+00
7.553632754960663831e-02
-7.737654447287830584e-01
8.121233370930834861e-01
-8.784743609039071810e-01
-1.351951524331093668e-01
7.145523787156069506e-01
3.163473507177457233e-01
5.983649239717693247e-01
5.901683597042559626e-01
-8.420771558993574990e-01
6.255656013193249265e-01
1.295694307484605012e-01
-5.672512301933810841e-01
-7.636868423025698904e-01
3.242888485797385534e-01
4.099110668618901054e-01
9.019992861516202831e-01
5.917205186680623008e-01
9.689040241715461965e-01
4.226408607540325657e-01
-3.219305182867394088e-01
4.694735484133550352e-01
-1.642083823692085387e-01
-3.620502940563015692e-01
-5.636472743364449034e-01
5.031072915381924471e-01
7.253731026077382404e-01
7.876276655893353906e-01
-3.603693702787585940e-01
3.986094822069837784e-01
3.033074069106774795e-01
-9.777434139971478144e-01
5.945370002691559019e-01
-6.350720027986372918e-01
8.746702131733614660e-01
8.368074702608647719e-01
-1.629442444886755048e-01
8.083092083429647134e-01
8.647131898695645247e-02
-1.000000000000000000e+00
2.650473805895766088e-01
5.006781371058498520e-01
2.739703176612439672e-01
1.459350983428428783e-01
-2.054591386199036973e-01
2.574751600729130452e-01
-5.998042746290773719e-01
5.068385623263569340e-01
3.972022404152316666e-01
-5.064080014332801305e-01
1.568433594980597409e-02
6.277893672413106634e-03
3.707284381182449073e-01
-4.092953017054956066e-01
1.000000000000000000e+00
6.514545174991619170e-02
9.946610103581037254e-01
3.930196789046647710e-01
-3.695716727130927692e-01
-5.905026165636975133e-01
-3.631861670196619984e-01
-8.315551640981500015e-01
7.077344005076565692e-01
-4.942856329259981973e-01
9.613943667866637899e-01
-4.706791049791572146e-01
-8.424710185346150348e-01
5.554201126952593714e-01
9.081532880441824107e-02
-1.000000000000000000e+00
-3.679373716742053713e-01
2.569339678331882260e-01
-2.154215946284126770e-01
8.521440104863994280e-01
8.971728834542356257e-01
1.264307263596834430e-01
-8.850515581026247025e-01
5.664476599906573817e-01
-7.415082051282675391e-01
3.738401389102939953e-01
9.022845152205364316e-01
6.439461909045016696e-01
-7.186555543916888222e-01
-4.582743950986670894e-02
1.377255591131204271e-01
5.177842882568959304e-01
-1.016522940761053866e-02
-8.072723357399818056e-01
-2.395904786245756785e-02
3.613020826196591817e-01
1.740621954108523273e-01
8.478102393236505163e-01
-5.527279829930592525e-01
-9.793729554264105630e-01
1.000000000000000000e+00
8.630041076394698862e-01
4.729068682957954239e-01
7.755393327221644650e-01
8.912624581754616804e-01
2.107225012527280672e-01
8.933058349034342926e-01
1.426356165534068687e-01
5.092604059156664587e-01
-2.753332593495009251e-01
-4.192690819233624300e-01
-2.412508839267171745e-01
-2.088287874428451929e-01
6.302169898103328061e-01
-7.143389598394949136e-01
-8.959178788047175157e-01
8.522160188820367965e-01
5.230161454713442293e-01
-9.583518714904046831e-01
-2.089938287484248147e-01
-4.231515470607996598e-01
-9.660706177962515018e-02
6.909455380880100694e-01
-4.115170143446144485e-02
-8.819838560055229815e-01
7.499133659825584219e-01
-2.091989769890359729e-01
5.415747627606479764e-01
4.406049589041778902e-01
-5.563413806462119693e-01
6.452094865862825768e-02
1.000000000000000000e+00
4.943586664309072565e-01
-6.918797020666813680e-01
-4.005352735730875469e-01
-9.633950500754741020e-01
8.210131824055837135e-02
7.585158158388899396e-01
-4.409260678727807692e-01
3.140414912263719827e-01
2.837405318955878442e-01
-7.482378093280576126e-01
5.531897125634733792e-01
3.185063999477843466e-01
