-8.107260867326452347e-01
1.482420807426269860e-01
8.594236126101655326e-01
4.422583812475695542e-01
5.113178726355930293e-01
-9.382328394384740686e-03
-5.032591790604175053e-01
-6.880857810901758187e-01
2.871230360429419259e-01
-5.082373703480572713e-01
2.517929236396312942e-01
1.251135083578100993e-01
-1.000000000000000000e+00
-9.723889390939008948e-01
-4.315237927025875053e-02
-5.023362688232541062e-01
-3.815971661398525061e-01
-5.685476023810897422e-02
-1.000000000000000000e+00
-2.449592088386345901e-01
1.000000000000000000e+00
7.722073385636746279e-01
2.857490753805490002e-01
6.220955071990044161e-01
5.616607335192367323e-01
1.798227500629555053e-01
3.392383987736723172e-02
2.030750175382460276e-01
5.871057872184277659e-01
6.515242761886455014e-01
-1.268577297098850108e-02
6.992508293153884003e-01
5.638505864665586259e-02
-6.466631842242442918e-02
-1.000000000000000000e+00
3.861053416767488700e-01
-8.813327654476795781e-01
-1.983892989628826542e-01
-4.108555319069213674e-01
-7.293000901469921526e-01
5.476327050672574748e-01
-7.208553919780686936e-01
-7.448462076443644886e-01
-2.429539480963987252e-01
7.340129942477647829e-01
1.736926017949431134e-01
3.030434294612930346e-01
6.787200410401478257e-01
-7.272438477481786290e-01
3.293432474433704016e-01
3.034612264265524884e-01
5.746465336902228938e-02
-2.469961473258877604e-02
5.410197242348053770e-01
-4.280814873663726372e-01
2.462929619196239650e-01
7.696988209076093268e-01
-8.961805805878622078e-01
1.022293293201624320e-01
3.051953467206724446e-01
-6.623615792994309859e-02
-1.000000000000000000e+00
-8.480735179866193130e-02
-8.873494460160475938e-01
6.170596567149970735e-01
-4.136949688472692510e-01
-2.475396321653981491e-01
-1.000000000000000000e+00
-6.011439228989660100e-01
1.419975235290466542e-01
-2.401033379590628292e-01
-2.230128977500467000e-02
-8.562999519046300412e-01
6.019009237691500536e-01
6.748895086070659799e-01
5.922649344617251232e-01
4.722816560334356928e-01
9.227997762831995077e-02
-4.137104362887285280e-02
4.041299685432258038e-01
-6.795935241656413384e-01
3.823778081689040431e-01
3.756987818799576440e-01
-9.098317301518320521e-01
4.669041386391105108e-01
7.456993825872263448e-01
3.178490770535616905e-01
1.720954691739497722e-01
-7.618347146099478939e-01
2.467486968102717074e-02
-6.426508275492985867e-01
1.626979609915044922e-01
-4.260437430624916533e-01
-1.000000000000000000e+00
-1.654197230785184880e-01
-3.469332045927872588e-01
-7.785239513901147657e-01
-5.455870231559284411e-01
-8.861501737018092628e-01
8.483674004848853478e-01
-9.388221758919281790e-01
2.805135200521364225e-01
2.034675769344537477e-01
8.054422294270965343e-01
4.609001748682055033e-01
5.307222555239272943e-02
-5.417202039102353428e-01
6.118549518366478424e-01
-8.870140729341990937e-01
6.118034103651197597e-01
2.706487099531305618e-01
-6.033694088908346798e-01
-6.253830980869046208e-01
6.705759286325602142e-01
8.466980110799167125e-01
1.297857683938831164e-01
-5.252286665846622737e-01
-2.792686593854776245e-01
-2.721631368165957632e-01
-6.932545788567937017e-02
-1.242179606337248804e-01
-4.782515715949707258e-01
8.699668875742114782e-01
-9.390856167435385204e-01
9.174160087089922033e-01
4.870388223359775615e-01
2.505803976657265952e-01
5.270291136935397747e-01
-3.774654562954291026e-01
-3.318077842961674739e-01
-4.961802149184389443e-01
-2.515233657009024407e-03
-4.089626754196546976e-01
9.329540046664763775e-01
8.671020684310393190e-02
-1.683044481965411121e-01
7.797825853445842226e-01
-8.183077035514274566e-01
-8.303822750039370482e-02
-5.868047948450532125e-01
2.011280411203515417e-01
1.506579618698583589e-01
4.184034946630771357e-01
6.954430961694475777e-02
5.019683320711887387e-01
-5.104576704393071207e-01
-3.072330170966935600e-02
6.879114450291742289e-01
9.896357028731728178e-01
-8.981201551091377855e-01
3.990628649354967528e-01
-3.630143591232679601e-01
-2.966877301255118060e-01
-9.703625338297992009e-01
1.000000000000000000e+00
2.819369973030992904e-01
3.555785742208256162e-01
-1.319094736514553889e-01
2.078539843613362234e-02
-8.314982010265514756e-01
5.205225261960954447e-02
4.201206656699886799e-01
-4.739802628084883729e-01
7.365837592798414324e-01
6.872069289177164253e-02
-4.906202307539278551e-01
2.565005144024974648e-02
-5.704187287396016437e-01
7.364472867574839432e-01
6.405802937891111881e-01
-9.506290432941706392e-01
-7.564736990893577984e-01
-5.655003206338663491e-01
-3.483495036447030735e-01
1.000000000000000000e+00
2.460780436072028954e-01
-7.499282433881838683e-01
-2.828010601256149004e-01
-7.028227324922993180e-01
-2.337531346765206464e-01
1.917775597629898798e-01
-1.085425840011366022e-01
-8.557020758581865838e-01
7.429141981714074694e-01
-4.081262249012698184e-01
9.129536567005233638e-02
1.000000000000000000e+00
7.775352665280793607e-01
5.583078427641633423e-01
2.877490648582344823e-01
-2.863588101826664012e-01
-4.149015272106558738e-01
-9.262238732411655073e-01
2.873418338038319919e-01
-6.893838836447511165e-01
6.075878880134107929e-01
-6.413929995093154979e-01
9.309072296195466389e-01
4.894078974983535890e-02
7.146150649755259598e-01
-8.771340006214559670e-01
-7.901898284246051674e-01
5.812840415318882847e-01
-5.193550654687039136e-01
4.640681101278108789e-02
8.263143298935841097e-01
-9.188557503094705314e-01
6.002058077864353969e-01
7.683538266257390337e-01
-2.138797066502459432e-01
-8.710965948834586969e-01
-4.646252077309625528e-01
-1.558971198955292625e-01
-7.898682651374835384e-01
5.650050792983511982e-01
9.318362130622552808e-01
3.602144979894499333e-01
5.071564733380546919e-01
-5.688191287911130711e-01
-5.534942305401659990e-01
-1.134982552579096721e-01
-7.731606158888207903e-01
-1.287833627722936303e-01
2.035871625045518329e-01
-1.981080637259230171e-01
-9.590717524437583075e-01
-8.579445170712861612e-01
1.343515675196654546e-01
-1.816682635930225997e-01
-8.715883594943714119e-01
-8.734686215262338349e-02
1.144576578694425084e-01
9.348233237421264136e-04
1.000000000000000000e+00
-6.123439156557555219e-01
-6.788528855392106376e-01
8.368916380537037014e-01
-3.962132586434821691e-01
3.237319770647788530e-01
9.748289974106573164e-01
-1.272409536813775832e-01
3.826149800095557385e-01
-9.651106203399805183e-01
-1.844671461537530574e-02
-2.366346699048120505e-01
-5.043080938087306925e-02
-3.168471105946056299e-01
1.093256578463799450e-01
8.399362355773740130e-02
2.913798376452601535e-01
-5.899306502189957113e-01
6.802778919502818766e-01
2.560233846517341871e-01
2.858460510824613610e-01
4.239878833261375157e-01
-8.704170946401255105e-01
-7.414555503816853133e-01
-8.402248916373050713e-01
-1.107170713491833353e-01
-3.715781677546610706e-01
-1.209506986079753321e-01
-6.891245498345520692e-01
5.566943887460398255e-01
-2.827300192342284135e-01
-1.336209788319617231e-01
