2.492208402938208001e-01
4.104354425391682631e-02
-7.376460436292329170e-01
-6.913912685733210051e-01
-3.463029843842045929e-01
7.624575307124417112e-01
9.510648729026782711e-01
2.045873438815318801e-01
-4.879444991262039122e-01
-4.264592652512062543e-01
-4.275888355561818233e-01
-1.737193398256525398e-02
3.339476507667998861e-01
5.463366593571153951e-01
-4.186364352170682257e-01
-1.959640794035698852e-01
3.366892626286148715e-01
3.912389536150535641e-01
5.061137150218260050e-01
-4.695657815481946717e-01
-2.112224139626769637e-01
3.264750989625534450e-01
-4.911039928094731999e-01
4.271379765100419279e-01
5.822317821989996256e-01
-8.692121263784916563e-01
-7.694385132025075569e-01
-8.427045402000152841e-01
5.732934308266447454e-01
5.772589261128148186e-01
3.618072234126954445e-01
1.586340370788249798e-01
-1.298715621915495499e-01
-6.355170945715565844e-01
-6.040761809704819907e-01
-2.276369629788422277e-01
4.077611910566065201e-01
7.740594703148755418e-01
8.860890268177532558e-01
-4.854105209901605211e-01
-2.533389880554086648e-01
8.717391971234300652e-02
7.220302652170256241e-01
-1.000000000000000000e+00
9.939719808830170533e-02
-7.859855258872848749e-01
9.695577449972975215e-02
-1.228729446939254843e-01
-3.549767892138615544e-01
2.313605455202938643e-01
4.502195049881608790e-01
5.105475017724891984e-01
-3.545484117114761635e-01
3.663471648823919402e-01
4.152505617578889363e-01
1.342387343621407048e-01
-8.580643815232559257e-01
-2.748461674972178526e-01
-3.274414019313727220e-01
1.417692562463908623e-01
-6.015579853064954158e-02
2.317675987378884361e-01
8.141629931589253744e-01
3.421701111077709578e-01
-2.764083143864430325e-01
8.386746964417174377e-01
-2.423054369006007180e-01
1.087816116122394261e-01
-5.935937278340918111e-01
7.376929008831828449e-01
-4.861189899917683910e-02
2.586273873308705396e-01
-8.993318257834872487e-01
-1.116776252116806305e-02
1.814501834763863064e-01
4.014017109902624086e-02
9.775365799308073991e-03
-5.992644300575330485e-01
-5.625833361886235506e-01
-2.265357419037918874e-01
6.767492607698463170e-01
1.023649359372285766e-01
8.020338443664979389e-01
1.952602020839531716e-01
-3.291786018990677798e-02
-1.000000000000000000e+00
-6.478743000829680909e-01
7.133845518012847942e-01
6.344534509845853876e-01
2.881113011156135606e-01
-5.707256314726182334e-01
-1.602331866182405140e-01
-5.933002804695439170e-02
1.000000000000000000e+00
-3.229498084337952268e-01
-5.156915744747948560e-01
3.803708921263798670e-01
9.107543260068078350e-01
-2.171901875155700934e-01
-9.124088369159722989e-01
9.387960066982813101e-02
-6.916663980824171443e-01
6.074676673967432938e-01
-2.317481185684255041e-01
6.402870113547001196e-01
-9.221627669268353533e-02
-8.253180344171796579e-01
8.586365488899840026e-02
1.405143578567171758e-01
6.021929637100548183e-01
-4.462419840341529942e-01
2.750079492406857229e-01
-7.308230063275167332e-01
6.450053690624736324e-01
1.000000000000000000e+00
-1.997366024032037335e-01
-1.125210697607106347e-01
3.530644320936085490e-02
5.344298140174619238e-01
9.071362903256368071e-01
3.863245759310796612e-01
5.410636007579746609e-01
-4.073192765152978123e-01
6.412323695766519727e-01
-8.163035299073628792e-02
-7.534411057778737097e-01
2.054594201634849238e-01
5.703407020436516150e-01
4.496139620255298897e-01
-3.253724330829363964e-01
-3.652128508274406493e-01
-6.941522739092591543e-01
-5.134495386322243116e-01
1.950718481876194677e-01
-7.475489782556407059e-01
-3.588153296857375385e-01
8.084884682552902213e-02
-1.453503871722014451e-01
-1.000000000000000000e+00
-1.008768607586432303e-01
5.063796343197686511e-02
-6.478681603554673485e-01
-9.881398930563242700e-02
2.988319774349149083e-01
4.159586980746348139e-01
-4.283378143455756626e-01
-5.370094329799365296e-01
-7.302191466944517595e-01
-1.098629116701634600e-01
7.327154702847971102e-01
-4.195825484401605743e-01
1.751872345172547293e-02
7.993559477093369336e-01
8.339202652174826369e-01
4.818747191328313084e-01
1.326505582864085167e-02
3.271726136678759778e-01
3.877592424412462102e-01
4.283394839207860239e-01
2.538147403994476248e-01
1.905730201919329792e-01
-1.829508091735278785e-01
-3.364074687376891193e-01
1.962608878505028298e-01
-3.579356203333531328e-01
5.029780545496680411e-01
1.855214594796580074e-01
6.356333114364285386e-01
-4.786630999346703774e-01
5.911945662343041086e-01
7.725559625247921947e-01
4.110793026629781521e-01
5.149388993182698604e-01
-5.856420527268435539e-01
-3.243556627566765438e-01
-5.104671924145622874e-01
2.387087792005775089e-01
-6.442018744780605988e-03
-1.714375359659657816e-01
-9.574516935799288753e-01
-4.062767930609024747e-01
-1.961259015795261129e-01
3.335364852163653637e-01
-6.526151414988052846e-01
-7.836850465928943965e-01
-5.107472823958605357e-01
-2.622479226659366058e-01
-3.381819930383339057e-01
-6.283799727607928265e-01
-4.054470760046482991e-01
-8.583561356321839364e-02
1.000000000000000000e+00
-1.203594079828732288e-01
-8.486061422876776117e-01
-7.470352494405297916e-01
-9.784273829966441682e-02
-2.898531775520967746e-01
2.262735075153056094e-02
5.626300955044255536e-01
1.805172425184062845e-01
-5.217681304975358980e-01
-1.000000000000000000e+00
7.669744531928928133e-01
-3.752484518065574842e-02
9.153784056147200587e-01
-5.972155449161165031e-01
5.099414697866230251e-01
-4.347196886804822191e-01
8.337378090827175514e-01
2.988228413233942615e-01
-3.267247364659765507e-01
1.472447801756330277e-01
-9.075534948251553491e-01
-3.083398579227295544e-01
9.534624997540567248e-01
-9.438042768591303755e-01
-7.772220288126059362e-01
-4.805856092261495127e-01
5.410765775690353774e-01
-3.943407766989382585e-02
-6.880873459280573146e-01
1.198086747181691808e-01
-1.084127502565616491e-01
1.262609039439622494e-01
2.254990141384447810e-01
-7.115042235131082693e-01
2.904424380159651431e-01
-2.889759331682064114e-01
8.800177941504514489e-01
-6.941468604119090946e-01
-4.167075504417105253e-02
1.002826496680813946e-03
-7.837708197394400722e-01
-3.484299819609966709e-01
3.604853554224728973e-01
-5.533622818551525713e-01
-7.137090172361075791e-01
-8.082677001584293031e-01
4.556617283830421972e-01
-5.928820662848801604e-01
6.436111720056102437e-01
-5.293112900238909901e-01
-5.519759929622014560e-01
3.245948085610311229e-01
-2.735309275000090135e-01
1.817268105633066677e-01
-1.000000000000000000e+00
-4.192328041843824786e-03
2.886441524766126254e-01
-1.436196006900445077e-01
-3.477207116208922422e-01
1.928720530045511389e-02
-7.829431543428619911e-01
-9.151952808396143779e-02
-7.147556206327773110e-01
-7.375975874075972882e-01
1.120275006187307354e-01
-2.692070046822190310e-01
8.215747811764814168e-01
1.057560046298174211e-01
-8.347257238105000587e-02
9.373484936606193418e-01
-7.179396813614304929e-01
-1.814246099810352120e-01
-6.059434281069324690e-01
