1.723663231718920996e-01
3.998142296129454376e-01
4.522225402957429363e-01
-4.816337449748178123e-01
-7.287167435127317461e-01
9.311627705932492560e-01
6.787131218159200285e-01
-1.587937179276455169e-01
-9.819885658632115932e-01
-3.455540642396403572e-01
-5.473654095658059271e-01
-3.004187184298811805e-02
-4.158415636200907262e-01
5.886469823958465630e-01
-8.897956996332112567e-02
-1.649877719185804600e-02
-7.261043264807973685e-01
-6.768028869315527718e-01
2.379234523200945972e-01
4.870153739456681286e-01
-1.305078718877935307e-01
-1.000000000000000000e+00
-8.956884773251188037e-01
9.555714055604298540e-01
-7.008681584629711248e-01
-6.346981422186032118e-01
1.449161984860032615e-01
1.502117693188112502e-01
8.399963426851789761e-01
-1.396080448387004569e-01
1.000000000000000000e+00
-2.588481840499496922e-01
-5.244630020064092735e-01
3.539087714359447356e-01
-2.967233395433834797e-01
-1.454623996382529427e-01
2.326438120485491146e-01
-9.111743774150284914e-01
2.500066510968774747e-01
2.080675438608397057e-02
1.957098597973867121e-02
2.600180209149272059e-02
7.216615438606149846e-01
-8.773779919527265880e-01
-2.323988476593432662e-01
-4.027712076710114886e-01
4.735451101048856470e-01
2.291483994429295012e-01
-5.815427166366303746e-01
3.268313155466193720e-01
8.224470373096968157e-01
4.097368969628082391e-01
8.749455715431011527e-01
-4.619655116043188681e-01
5.433287426488385696e-01
9.910445701516185091e-02
-2.987097492865986026e-01
7.475694117823621365e-01
-3.242877772074349574e-01
9.371347294702363218e-02
-7.125019903857948700e-01
2.882349384090440725e-01
8.165787694670179064e-01
-8.285854360957898290e-01
-9.734430709039771923e-01
3.086683993642955204e-01
2.968069204583991816e-01
-2.880348643550206256e-01
9.181122056444599444e-01
-7.854926804302314602e-01
6.431730930979551175e-02
-3.899660059552133573e-01
-1.896411162917024384e-01
2.373617952899569339e-01
3.722939714434129188e-01
-8.636230588050866075e-01
1.000000000000000000e+00
-3.603509002414023166e-01
2.443189758788120169e-01
-3.011135773235618096e-01
-7.980389188326892924e-01
-3.612667883208767750e-01
-3.162762289445881225e-01
2.944352043265196506e-01
-2.410187526930988033e-01
-8.713763618021274082e-01
-2.203375233653404319e-01
-1.742081120441784925e-01
-3.725276890193950363e-01
-7.049617270308969896e-01
6.527486276815308575e-01
8.363201310775769670e-01
-7.722699031469759667e-01
-1.595569013445017892e-01
-1.008137581839533559e-01
7.145427727720901068e-01
4.185534834326185560e-01
7.647070117694724223e-01
-9.470335840767687419e-01
6.479657581470932293e-01
-4.563783512840779988e-01
6.631689350276072092e-01
5.514068534419698242e-01
-3.113600974121399911e-01
1.441621540440708726e-01
-2.237154871576705339e-01
-5.342118734486142051e-01
1.016911096992263452e-01
5.015239213495497062e-01
-1.000000000000000000e+00
9.905253221893371984e-01
-1.923929403440944874e-01
-1.355793318939031433e-01
-8.955967452846507193e-01
5.047061403859590123e-02
-7.955359748324923874e-01
-6.628360105065000951e-01
-2.516502218613526076e-01
-8.692964295772205308e-01
5.732685432166232387e-01
1.284820735124627689e-01
3.620988923646134006e-01
5.866991610389855616e-01
1.823891404819939777e-01
4.197333084556524874e-01
8.796583273696629846e-01
-7.477716266767984177e-01
3.626160414213154271e-01
1.672860349275326342e-02
2.285557713582329065e-01
2.339040095829405530e-01
1.787870821311197123e-01
-1.243112688761856821e-01
-7.622487379416705844e-01
-2.889677794436276703e-01
-3.376045241352295112e-01
6.083261531769212915e-01
-1.961388513239767650e-01
-3.129102032785269216e-02
9.427545206429123470e-02
2.356611152311470225e-01
5.983013608064274846e-01
2.349345969332288786e-01
8.965350898846780048e-01
6.573973300040816259e-01
1.000000000000000000e+00
-7.126922523225575068e-01
-9.594315031249639469e-01
1.681728017646499929e-02
-7.627693434376228154e-01
5.439215662775426230e-01
-5.617105577882531842e-01
5.986729246369421054e-01
8.364454620964776321e-01
-3.954848775977597430e-01
-1.000000000000000000e+00
6.109630332859580237e-01
-5.814011872007933679e-01
6.024802823125787743e-01
5.509415872831483485e-01
-8.405666103527322797e-01
1.924889076031023882e-01
3.005783350864536518e-01
-1.489587091660449503e-01
2.864766082822944870e-01
4.254873447634682782e-01
-7.476316722342716270e-01
8.025021536146985657e-01
-5.912715227453026190e-02
-5.127585391303086659e-01
-1.857201397059966008e-01
-6.165924811432988983e-01
3.350177837437861017e-01
1.000000000000000000e+00
-3.006648071875033801e-01
9.407827596850236451e-02
-1.724582306242667673e-01
4.894888759193001260e-01
-3.975153064463775310e-02
-8.181910615287093513e-01
-1.971217804384384764e-01
-1.000000000000000000e+00
5.701072981760458847e-01
-1.784045549246758011e-01
-1.131106994404327271e-01
-6.993907733903774460e-02
8.686041944886313537e-01
-6.489380958693425905e-01
-5.845749830156627969e-01
9.618453481157978047e-01
-2.918994228784961842e-01
-5.967256269780831790e-01
2.584679689359817845e-01
-9.417986718102153709e-01
-2.484367189307922219e-01
-8.708600853884105319e-01
-6.783602878329759722e-01
-6.943761183989697328e-01
1.949904028923442612e-01
-4.080795919973594921e-01
2.967718585040279855e-01
9.603905221986933638e-01
7.402596011189237490e-01
-1.660494299647632399e-01
-5.156661402573412545e-01
-4.612701130557458340e-01
2.668686674508700118e-01
6.839944079523669895e-01
1.913844470688448873e-01
7.621482532381530506e-01
-5.722259066238167824e-01
-3.319398923756262665e-01
9.285351573323699093e-01
7.640788707112253775e-01
-8.392500186998403944e-01
2.063625297840308848e-01
-1.014634401172341722e-02
2.913732820698856640e-01
6.777107941408390124e-01
-7.200142133463123262e-01
9.960951879229169581e-01
7.212489793454534004e-01
-4.811151980149203089e-01
-6.373751554645123996e-01
1.589410124293717530e-01
-3.289028774058990745e-01
6.169409397759927360e-01
-6.102382310977925162e-01
-6.223435944937496522e-01
2.291897541977657160e-01
4.895211827556201767e-01
4.073549082710343217e-01
-2.461616460673710649e-01
3.074651440277670900e-01
-8.395242837739067543e-01
7.078317256982746830e-01
4.328996898531627391e-01
1.000000000000000000e+00
2.828546601143226980e-01
-6.516930615123330828e-01
2.570871049975938516e-01
3.063866013254621934e-01
-1.445371531959303013e-01
7.692272394749369857e-01
7.341619745742680170e-01
2.564669363034711158e-01
-6.773845191110217101e-02
4.838751476628250781e-01
-9.362294063393545862e-01
8.861036064860838835e-02
-8.840640307385126961e-01
-1.000000000000000000e+00
6.175912033460579931e-01
4.004650322867198131e-01
-3.901375087221818916e-01
1.290666481553193468e-01
-1.396694181761356790e-01
2.724194828262169743e-01
1.680536217137884591e-01
-3.384111257402069306e-01
-3.938973591071530111e-01
8.759777444218550535e-01
-3.006826419276400347e-02
-2.200866532208189952e-02
4.591617455122726232e-01
