4.070902511416292224e-01
-6.408342080292999121e-01
9.807725601937633542e-02
-2.893224699137839639e-01
6.571354369706357001e-01
3.822205442197308400e-01
-4.342079686043465170e-01
9.622171936693364458e-01
-1.582675848783123840e-01
-7.066141897715547682e-01
3.800074807417550549e-01
-3.816510663771066625e-01
2.633370747639973697e-01
1.314483092905809336e-01
-9.429272000708472934e-01
3.033450298189375172e-01
-7.972739337197400911e-01
1.087345201478218115e-01
-7.872030386697448368e-01
-7.026749147108100058e-01
8.320367740245910859e-01
9.235658711156429224e-01
4.022995510600644309e-01
2.409321366188512670e-01
9.164220662863391542e-01
8.550057587212980259e-01
4.095565412265134153e-01
-6.675743006158061377e-01
-9.790913202534003990e-01
-5.027760401488150510e-01
-5.507405893586720946e-01
2.600549480394525048e-01
8.272971805173057191e-01
1.074310333296819575e-01
1.510015222193688000e-01
-5.924058939755514341e-01
-5.646248387412557967e-01
-2.241425244261827654e-01
9.961828919927071535e-01
-1.622003135337597435e-01
-6.726850397039902951e-01
-7.701236264161528400e-01
4.517660575684652180e-01
7.285237676205578161e-01
-1.265707525556518664e-01
-1.480858813859906586e-01
2.002156422910965627e-01
4.484228425612934998e-01
7.460936206154715755e-01
-8.299945163593980269e-01
-6.477514988620503011e-01
3.851457355015242001e-04
-6.552544625291212288e-01
-6.813307838370239455e-01
7.717181703551025951e-01
6.207901218781808339e-01
5.483652194279375891e-03
9.382369710926905526e-01
-5.239980245110691381e-01
-4.631572562213168709e-01
-1.652938811191930757e-01
5.288829991693353438e-01
-9.575980309102600785e-01
-7.664548172332541487e-01
5.138429576931244913e-01
-6.943539304968411319e-01
-8.208123288911883808e-01
-6.682905275939947654e-01
4.237178140868353982e-01
8.291605541413094027e-01
4.417202239743178716e-01
-4.081298202199037384e-01
2.536125071143784382e-01
-3.730174569782391814e-01
1.075691257593529571e-01
-2.437108777651590952e-01
-6.616439202524793117e-01
7.923440871113791584e-01
1.456407875936598373e-01
-6.868301352949124361e-01
-3.747042126859732036e-01
5.358250668979640530e-01
7.261086086865855549e-01
-8.438546670204731814e-01
2.914117796059041421e-01
6.021820353782136870e-02
3.597465569358782034e-02
8.212886658455593736e-01
2.263236134554384993e-01
2.080708501439068048e-01
6.958813315800098653e-01
2.047665228623050115e-01
-9.818885176361462630e-01
4.262168660219118888e-01
3.328015579718428540e-01
4.303722872343138661e-01
9.236333152750082487e-01
-9.697458257505897627e-02
-7.064354864961772673e-01
6.397086637779016982e-01
-7.532608238265665612e-01
2.150673524220247934e-01
5.679335674225371999e-01
-8.590792841009824432e-01
9.893669260055049097e-01
4.716900231281218048e-02
-6.385787893580749941e-01
-4.618864034878937819e-01
7.438555821481691588e-01
2.715105513755333710e-02
-9.463259890141590969e-01
-6.761431089045710774e-01
-2.194347332803039397e-01
9.618329754570673629e-01
7.978287442146880792e-01
3.866819268393928422e-01
8.453287822536657004e-01
2.276458272370405211e-01
3.821655631564706557e-01
8.968605356203493972e-01
-6.515386528163371604e-01
2.366859728811148145e-01
-3.579213756015884318e-01
8.294840249983870262e-01
5.348800096614372279e-01
4.509865777895580852e-01
-4.981414906242025431e-01
7.202569978589625777e-01
9.175140208143381937e-01
-5.325915834401873106e-01
-7.095711500020021045e-01
-8.042301190717529025e-01
-4.247041998322957923e-01
-6.106255455317841641e-01
-4.547616015893582997e-01
8.202677909295086334e-01
3.600526601337508126e-01
9.963999301103438899e-01
-1.902811093938208131e-01
7.378366530095727960e-01
-6.211327431535553778e-01
-1.244008334267716620e-01
2.291300904425970231e-01
9.057284408496049100e-01
9.809264954467735720e-01
-9.895385000292471478e-01
1.612843115877429234e-01
5.257846040267990517e-01
1.983039072260530666e-01
-3.694393327690790318e-01
5.420094642858734879e-01
4.781611751998626758e-02
9.686895952595733217e-01
-8.201444474279326879e-01
-8.537029463604159929e-01
-8.664950903194059695e-01
-9.730827015673737534e-01
8.607085238341010136e-01
-7.325129055293373437e-01
7.442885748344030272e-01
4.581951911496957575e-01
-6.504268279674303432e-01
1.257684011677906444e-01
-1.232139602623805175e-01
8.867841726956429138e-01
-6.098264449831147793e-01
5.254109649643723401e-01
6.788362596094885681e-01
-6.620429999049290970e-01
8.574402038992556818e-01
4.658971708042136672e-01
5.339759682881441982e-01
-1.844381723396417705e-01
6.868803386042579007e-01
-6.059378062771481055e-01
8.504153882464362546e-01
-1.928450926141007660e-01
8.342395363799104402e-02
-6.433286738204559985e-01
6.142265602092067400e-01
-3.747012474749140676e-01
2.573216312143060680e-01
7.873010947906298185e-01
-4.657933930716302573e-01
-7.554882292602858040e-01
-1.473837285282424414e-01
8.242167681544019242e-01
-8.094345510865557092e-01
1.709242471617060666e-01
-1.055540404110262287e-01
-9.699861028179128652e-01
-3.737436617471465716e-01
-4.366937862520898772e-01
-8.236258747762665866e-01
-7.836812027845816431e-01
-4.666347122308616147e-01
-8.504539173325167400e-01
-3.143084079720348534e-02
-4.576027583165949153e-01
9.819469627298729186e-01
7.475456125093244975e-01
1.023884218721187178e-01
6.240270345778542449e-02
4.039304715915414956e-01
-3.900956698938262690e-02
-3.503852642047331489e-01
-1.141923913553721803e-03
7.618211990875642936e-01
3.760832593986627170e-01
-9.047184105613370608e-01
4.788103746224670054e-01
9.710158620368840587e-01
-9.944399187026717879e-01
8.448898889166156501e-01
8.421140427427631359e-02
7.093973514309657169e-01
7.162594894702800641e-01
-1.316213398875862861e-01
-2.153092588691034592e-01
2.266245957977757186e-01
-6.761441294826053827e-01
-3.291965512405945482e-01
-2.181842513484846258e-01
4.303079742960069787e-02
-3.748186272052045354e-01
-9.256527969884946749e-01
9.359457395906158883e-01
-2.412537893134270028e-01
3.362619702695124335e-01
4.315920937076933583e-01
-8.879652692798032376e-01
-4.714503751817151755e-01
-5.868344252282740037e-01
-1.338129229529456676e-01
-8.184422141576910281e-01
-8.177537808599821822e-02
2.278958810598683549e-01
-7.673252166434370025e-01
6.964088623993980320e-02
-5.720484384821764579e-01
9.648238474282400112e-02
-2.541717843627921969e-01
-3.951655857165055075e-01
-3.984936357158543885e-01
5.906285129271480194e-01
-2.032119009007480326e-01
8.902258342074618191e-01
3.141268143591591233e-02
2.848725187271168302e-01
1.940922187948836974e-01
6.344897889609524277e-01
-9.324225389840969935e-01
-5.813345084452286038e-01
6.935717557055367521e-01
-6.693697922265262612e-02
1.474444386233342286e-02
-9.415674754318275053e-01
1.591666964908706738e-01
2.532068072964279715e-01
3.403438813058308199e-01
-1.826011742399398230e-01
-3.844004765194550810e-01
-7.856317113370316907e-01
-9.842048154729996501e-01
-1.678422316090055766e-02
