-5.412865982210741667e-01
-3.517525025458574373e-01
-1.853474722415283937e-01
-5.971845460817770679e-01
6.128284911752216457e-01
7.360477133110011616e-01
-5.142957876668654560e-01
-1.329167638709805206e-02
6.713387304874182115e-01
1.600124937032284533e-01
-6.911473545691539100e-02
6.252821586226040007e-02
-1.758719514893857319e-02
6.672736178987983546e-01
-4.653431305363474046e-01
7.614440763667675860e-01
1.610138669327880745e-01
-7.070291998719535620e-01
-7.552101200841354611e-01
7.376816157624882520e-01
-8.062943215372926353e-01
2.993590441929223633e-01
-9.655859858696380638e-01
-3.163748483353361757e-02
3.332264202012753529e-01
-1.484439908381268436e-01
-8.464985539702372108e-01
3.312127449393362233e-01
3.412549920906561840e-01
5.041135044996509773e-01
7.023501441395938460e-01
-7.898079250921902217e-01
7.888012856086862312e-01
8.665146478366982929e-01
7.418549149407973609e-01
8.713803554973078569e-01
-7.606276832561235102e-01
-3.300115060825070668e-01
-2.376869954083810632e-01
9.905932424271503001e-01
3.618930276643627653e-01
8.807964131630734439e-01
4.857335132179133041e-01
9.467471729248606582e-01
7.919938072758017089e-01
2.286110140268233781e-01
1.000000000000000000e+00
-4.638820851705162118e-01
-8.824252668928840582e-02
1.970379973073854152e-01
8.491634437295849658e-01
-3.274098873375803631e-01
-8.559991186729233315e-01
2.888913196340751055e-01
6.443480043016392989e-01
-6.754435051209873864e-01
6.479377135711127389e-01
9.116173070786369459e-02
6.423454388143357008e-01
-5.004819911559664491e-02
8.844418249825191092e-01
2.660566502999761607e-01
-7.261188382434897726e-01
6.352291582315027219e-01
2.717590250417308284e-01
-8.452953618411952474e-01
3.564927402811566282e-01
6.371234901675065787e-01
4.209606232579863883e-01
-3.576929397842731340e-01
-8.480529708099876496e-01
-2.510276880550992296e-01
5.720905505761700871e-01
8.274137078716516103e-02
1.471563233358971767e-01
-5.168203712169212177e-02
6.651651163764160657e-01
-6.720159282936143397e-01
6.130036532958700324e-01
4.916816458565003156e-01
3.510282731682169977e-01
4.472628444280590809e-01
5.968821545354456859e-01
-1.871062493813276939e-01
3.491512353271264413e-01
-3.547913103557191472e-01
6.312420179697485478e-01
1.223851940521275133e-01
-4.293642906492491362e-01
-7.440259478229009904e-01
1.158827590402626145e-01
-5.792324093362837684e-02
2.912707139226188291e-01
-2.343955548531354710e-02
-8.090646977211377600e-01
-1.000000000000000000e+00
-7.589268062922113200e-01
2.299249625456232238e-01
-4.009283863617204569e-01
1.982117051252782480e-01
-3.725536652168181528e-01
-7.917342591017901832e-01
-1.271775592589370618e-01
-4.496937938721452532e-01
-7.444933181951751688e-01
3.862827323105900712e-01
-4.122616180165779021e-01
8.301577225945830918e-01
5.564855770159795600e-01
-4.942547005065237586e-01
-1.042409258981041031e-01
8.763430362467587720e-02
6.807144905962074777e-01
-6.303978183766734134e-01
-1.606499840540830393e-01
2.639976980574607612e-01
5.731045269240941931e-01
-7.901077522004529285e-02
8.481239626329677428e-01
9.107936083184575704e-01
3.430824806048365927e-01
-2.526887290394911334e-01
5.165492604984556202e-02
5.756609849783946853e-01
9.785510895527815833e-02
-6.101438915543958563e-01
-1.000000000000000000e+00
2.619904222773064006e-01
-4.248728686872915716e-01
9.306294048644075945e-01
-3.221227010204011920e-01
-7.413397389209206434e-01
-5.338097133674225558e-01
1.000000000000000000e+00
-8.752879448894963499e-01
-8.272983838377074850e-01
-1.000000000000000000e+00
-1.937269191507557664e-01
9.541403012644484871e-01
-1.371231269363000216e-01
-4.107715311789426199e-02
4.732586557003172212e-01
-4.406749196042696881e-01
-5.533135405629373282e-02
-3.432485093988840164e-01
5.385177992076171094e-01
6.811980847640843884e-01
-7.705558003492699592e-01
-4.982271182296094114e-01
9.126684492663234005e-01
2.332019076516027578e-01
2.692739894593882966e-01
-2.655628085913320224e-01
-5.656344673262571066e-01
-1.367791540107472226e-01
-3.588546180553385256e-01
4.601839447548770057e-01
2.765392351557299788e-01
1.795666327826230813e-01
-6.310078249557431462e-01
-4.131726789497203178e-01
7.619605720188581399e-01
7.264964313044346422e-01
-9.961356350650001357e-01
8.451886131537497682e-02
-3.647847583885877043e-02
1.180609613373891503e-01
-7.448322313849267129e-01
1.463966980459771583e-01
-6.241406794265115243e-01
-2.587524135991885882e-02
-7.660415427738463678e-02
-1.000000000000000000e+00
8.395304737027158293e-01
-2.786609342190058958e-01
4.458055338528048583e-01
-5.955710900239515881e-01
4.368171077500050403e-01
-2.289469830825954511e-01
3.755032830884164063e-01
-7.942937451555847073e-01
6.227414275996797643e-01
8.696273688815012726e-01
-8.189255936667483304e-02
-1.863895485369338745e-01
-5.738760117697360580e-02
-3.895091298675361635e-01
-5.372991227201689979e-01
8.593133023576874363e-01
9.345901170128576574e-01
1.437737154738112089e-01
6.051563273471853854e-01
-4.412476222809202375e-01
-3.919748162853082807e-01
-8.016547444198525163e-01
-6.901129627596753746e-01
8.860610033334475055e-01
-8.185120159703419551e-01
8.153632528163442528e-01
1.065757502662121464e-01
-2.986909742757364872e-01
9.121550597418364159e-01
4.717510339593641300e-01
-5.125980506884590948e-01
-7.319129089694051959e-01
1.621125037058563922e-01
-6.798747874036306094e-01
-7.355063634093688130e-01
-7.240635245459734470e-01
3.865366320535950639e-01
2.775507904708539655e-02
1.182859570305653391e-01
6.492694747430962643e-01
-7.129303256942740585e-01
-3.794186219629228085e-01
5.866837474854692536e-01
-6.856651239812683318e-01
-6.353437075207004625e-01
9.976843985680834415e-01
-7.957708260215482499e-01
5.498487791919789425e-01
-5.384314511322094848e-02
2.081269907847267397e-01
6.441866817892610841e-01
-6.654852420332164620e-01
7.043014145701372852e-01
6.059088197191236924e-01
-7.920237662605078555e-02
-3.059763041129143768e-01
2.743047735944273077e-02
-8.072422448085648794e-01
8.985371698998917411e-01
1.951193687666845020e-02
-6.481108963808854817e-01
-4.142467303260132794e-01
-7.045453579770523111e-01
-6.734665561054140603e-01
-3.325933102960578203e-01
-7.351647238839298382e-03
8.128902227390918389e-01
-3.969685279285919410e-01
4.714643005360057426e-01
9.386896390021595149e-01
7.011236287294979608e-01
3.542545849442363393e-02
-6.025965784876925468e-01
-9.751124541339506457e-02
-6.593694260336939728e-01
4.476454335503931015e-01
5.804382615022262160e-01
8.743761989790248546e-01
-3.292839342790572221e-01
-8.004278961857937968e-01
-7.954507871484276516e-01
5.508823249762504481e-01
-3.866529148774675573e-01
-6.435353209816139231e-01
-5.509696779651868104e-01
6.563246019379096463e-01
-5.677442297560077178e-02
-2.844817964480507166e-01
-3.957721616046062652e-01
3.083808325662371619e-01
6.957938324873660374e-01
2.374106182099922080e-02
