-4.609031651956542741e-01
7.755868438138344145e-02
-2.023570603422993053e-01
-6.352559093914994515e-01
1.000000000000000000e+00
-4.383774285016707184e-01
-3.664549860305030826e-01
7.159811442348715804e-01
1.323105768010558216e-02
-2.671318621046559483e-01
-8.370520982352772643e-01
-2.640914817599272491e-01
-7.368148653061237230e-01
5.909696072278274731e-02
-7.319919745585163305e-03
-3.542637604732753326e-02
2.299371137594397041e-01
7.169979031484081666e-01
-2.094541861224677171e-01
5.182237336891279966e-01
-1.912097655837587118e-01
-2.802015624430955198e-01
-6.482519935344140949e-01
-3.579491406671476139e-01
1.000000000000000000e+00
-3.811976436796097878e-01
-6.625114336189353859e-01
1.000000000000000000e+00
8.991418377277305973e-01
-7.256159830501014429e-01
5.932835106844000679e-03
4.566560561331175494e-01
9.269338763045357199e-01
-5.340528599907570784e-02
-7.924652638142902772e-01
-1.231574530996441541e-01
-7.578059550053073412e-01
9.637702598377001495e-01
-5.431898390668379317e-01
3.542327767690091056e-01
4.307396153733587807e-02
-6.614332902902551048e-01
-1.980826657593873497e-01
7.571691785680152442e-01
-4.704973752517436214e-01
6.066035902309930838e-01
4.285399024476536090e-01
1.236674784214656236e-01
-5.340378087659887196e-01
-9.477805979831117611e-01
-7.797126766264908526e-02
3.200021901626946552e-01
3.128850282127610960e-01
4.569446330962300684e-01
-3.779996897928919464e-01
1.000000000000000000e+00
-6.954228659321378681e-01
-6.525594648133100639e-01
-3.954553628068817051e-01
8.601137750778407032e-01
3.380201779149873409e-01
7.606678014533254650e-01
5.308482083296931497e-01
-6.815092772983320779e-02
9.956951589941138991e-02
3.813524895125666725e-01
-6.009150851062137200e-01
7.686835736849954026e-01
7.347622239155846557e-01
-4.555984760065385532e-03
3.871541427281358777e-02
-4.447505755600394961e-01
-1.368108903745361704e-02
-7.389299673456429796e-01
-8.811268437049679658e-02
3.836304422466261799e-01
-1.291298354580651953e-01
3.603407814935103981e-01
2.511091109592412107e-01
-7.790989695367665259e-03
-4.197000740654910356e-01
5.616019615321755226e-02
-7.567845816113590862e-01
-2.928588339308864641e-01
-7.359916646148952912e-01
-8.239989554081130763e-01
4.541508329572179758e-01
2.841820220463258662e-01
-1.186330702869771089e-02
-5.724169934070055810e-01
-3.128903204757160217e-01
-6.039596492109231551e-01
-1.015509991833348780e-01
4.278183674380193202e-01
-1.186517708218567252e-01
7.654002378483526492e-02
3.904643712078504358e-01
-1.528228385130988611e-02
-2.028665217279809474e-01
2.215632799798265828e-01
4.649507500701975382e-01
7.604956859252590684e-01
6.827982694571411992e-02
-2.003315078178221076e-01
2.407414845323421759e-02
-9.258318794033368881e-01
-8.603167415376515859e-01
3.471657463320955705e-01
-4.021792485975589915e-01
-1.750683372098546242e-01
-6.763000484998596962e-01
1.045063273210268262e-01
4.655720925233887697e-01
8.389943817045798780e-02
-8.288108510040864685e-01
-1.902996361239700229e-01
-5.397730813531995686e-01
-4.415793849272182242e-02
5.276453721825328236e-01
-9.988507285580330297e-01
-6.081893588619509128e-01
2.242176370805056551e-01
-5.839802649045446881e-01
-2.772090104563595392e-01
1.499717209062415187e-02
4.871323055176898231e-01
-6.862041264626924653e-01
2.434469993349960004e-01
6.635193278994334642e-01
9.633364012890338265e-03
-9.300303581938301756e-01
5.864701484731594805e-01
-2.527411799638182854e-01
8.094762712718270303e-02
5.376299552698475814e-01
-3.313328082001045227e-01
7.459744986498393349e-01
4.288994963142381822e-01
-5.097813821981229676e-01
-1.297881734784951113e-01
6.751998288415079763e-01
4.137839758077426766e-01
-8.401261493219107646e-01
-7.363226539884660804e-01
-5.049106068991899843e-01
-4.500410941656058927e-01
4.082794847356152612e-01
1.000000000000000000e+00
1.207071112122347703e-02
-1.000000000000000000e+00
8.842617790710417536e-01
3.019405282727209011e-02
-1.800609733784010735e-01
5.264176122534335311e-01
-5.878847479600036730e-01
-4.936424402324262051e-01
-5.571132524637856243e-01
-2.629124744772241007e-01
-8.939373541499523457e-01
-1.269220972719230789e-01
-9.302179047155791081e-02
3.944716253434432662e-01
5.831994802587847637e-01
-4.464240150021081543e-01
-8.380931763021424175e-01
-1.062514254062722329e-03
6.325908098382801992e-01
5.598984067598640202e-01
1.603043828251578262e-01
-4.824409342161327663e-01
-2.376514523647592636e-01
8.443567948786283583e-01
1.914664930190173309e-01
-5.747777419853903336e-01
-5.298544971257517222e-01
-5.807063091976404356e-01
-1.000000000000000000e+00
-6.402573183966031589e-01
9.325726763238097183e-02
-7.972477380544014114e-01
-7.241414922395361664e-01
-7.310890340720878067e-01
-8.787975655995165780e-02
-5.436541753031559621e-01
-4.678338293132165981e-01
-9.005539028041641414e-01
1.908427557508527717e-01
-3.103567415945789332e-01
4.229139099184051620e-01
-5.547902062189294936e-01
8.920969498308379819e-01
3.755064927667757235e-01
1.216903399769457272e-01
-1.000000000000000000e+00
1.000000000000000000e+00
7.815501417310933840e-01
2.693012512668899183e-01
-4.786706326646880116e-01
2.839066495573811522e-01
1.000000000000000000e+00
2.103300962400046492e-01
-3.908298749714571585e-01
-3.887416040447151944e-01
1.159771912602837601e-01
-8.071574683508215831e-01
-7.833068255529043178e-01
-3.548361772200818720e-01
3.735920286134402080e-01
4.609016735180189728e-01
-2.307432448954845339e-01
-7.619486555251091531e-01
1.736304917840116036e-02
-3.260121650573403196e-01
3.522102591985007414e-01
-8.335571345562979850e-01
6.381355312684590109e-01
-2.988573667225903896e-01
7.660869020837700605e-01
8.159063981196125193e-01
3.715214588292770070e-01
-5.171902435747600668e-01
9.039798800559210035e-01
4.858982890314702541e-01
-2.474680709314723004e-01
5.990626057385622927e-01
-2.347873573268598885e-02
-7.514769331067456815e-01
-4.290849156270585274e-01
-4.122905055139239883e-01
-2.210361118102885034e-02
-1.473173900872970787e-01
-8.845908447645743911e-01
7.359464180956981627e-01
-1.854517299212863346e-01
5.498214085890817948e-01
-2.142501563283666366e-01
-4.578662919033401474e-02
-9.516959693186044511e-01
7.137948437010764868e-01
8.569025665318971141e-01
6.570449294505379401e-01
-5.205941280099374291e-01
-8.455088253869749160e-01
4.557131278533145258e-01
-8.507242226978710686e-01
-7.642918101786146945e-01
-6.444375223269215303e-01
-5.550997610155109507e-01
8.980782517503488327e-02
7.246694773332382766e-01
3.985287993525725159e-01
-6.156633560941215944e-01
8.164434845994954504e-01
-1.147446891643675998e-01
4.337038815532086589e-01
-6.243593274047125607e-01
1.649207031515502742e-01
-5.283795642868006626e-01
5.079945073439762204e-01
5.061098089533148103e-01
1.315558558488537366e-01
1.399419154217089456e-01
-6.292912643914151394e-01
-4.182794970289611253e-02
1.000000000000000000e+00
