-4.153548031440962851e-01
2.650383693157716825e-01
7.858448844774161557e-02
-1.199139976502930083e-01
-1.258541794709354400e-01
4.814577022202942702e-01
-7.909560532683218570e-01
-6.697662451408945561e-01
-3.673174505547797120e-01
3.746913449446939715e-01
-1.479513575802912095e-01
6.509744807440470682e-01
9.102858128382738112e-01
-6.520690150268655394e-01
9.195817987610496180e-01
4.061051678002150500e-01
-3.386524281267072056e-01
1.961007591044856835e-01
3.159037209106883154e-02
-4.239002195185512245e-01
-5.270457721984809218e-01
-1.228212058315287791e-01
-1.918160486756832483e-01
2.570912190294072919e-01
1.000000000000000000e+00
4.488152653454975383e-01
7.274462910542706107e-02
-2.306181894774997354e-01
9.682322485780125998e-01
5.462872739973044789e-01
6.917005051047866448e-01
1.329250848473734377e-02
7.906843603696097622e-01
-2.258861356577407387e-01
-7.848837080542309108e-01
7.261941307551071922e-01
-5.101473953552081442e-01
-7.479427900759070269e-01
-7.070473516990939400e-01
-2.989057968997443915e-01
1.894518216191222459e-01
-3.508774921501054411e-01
-6.791401957302821701e-01
-6.218662314054713702e-01
6.389326298825014350e-01
2.400481705872499760e-01
3.930203513357489187e-01
2.187664331221973180e-01
-2.701935606335940654e-01
1.888262565427523687e-01
-2.622096198610068818e-01
-1.130229073608148282e-01
4.240349875388520484e-01
1.000000000000000000e+00
8.513838712500456651e-01
-2.625385979641617351e-01
5.154815763093879566e-01
-5.559265478948444139e-01
8.762151203738169913e-01
4.574897520360297065e-01
-8.273880010241214666e-01
-7.728309277798646182e-01
4.650883138850551157e-01
-6.650512904296991268e-01
-2.408795291401751304e-01
-9.809216768806255926e-01
3.668231691681312356e-01
-5.204051046919393186e-02
2.595786181331942721e-01
2.982966636366371493e-01
-2.670714256343425519e-01
1.056401146575638439e-01
-3.304589165695286379e-01
-9.691168184296468091e-01
6.803428760314855772e-01
-1.000000000000000000e+00
1.881650893854206752e-01
-2.202416080353043204e-01
3.821231118431304141e-01
-5.142883944849081512e-01
8.022305722613688461e-01
8.524574015305695918e-01
-1.385257023252061681e-01
-8.805383974465307295e-01
2.032772366155484733e-01
1.503454674221649592e-02
-1.220069692931101540e-01
-5.783218650452859322e-01
8.162281017623692625e-01
5.508015229129524792e-01
-1.492736678710134546e-01
7.594061603562387575e-01
-1.480733954823876437e-02
-5.537558171397144458e-01
-5.595109970159860557e-01
8.421591659357320347e-01
3.724483881600210711e-01
1.017033653020174705e-01
4.021967182879909175e-01
1.000000000000000000e+00
4.687943970538504534e-01
5.133767109651978799e-01
4.160110367882974974e-02
-2.031567307829343916e-01
3.190063473492926183e-01
-4.264663142641121341e-01
6.644808685676266702e-01
-6.511142535724291358e-01
-1.797930157038263033e-01
9.597494666155490517e-01
3.223609639449518949e-01
-9.048875657285052609e-01
-5.338600624575273734e-01
6.921519542801991554e-01
-5.961875525304045631e-01
-5.330692581122697948e-01
-2.828483646431002030e-01
6.397776207660519354e-01
-2.523595520779685700e-02
-3.523237217604382465e-01
4.208072315269994479e-01
-7.955201498978305974e-01
6.702875566311228273e-01
1.092464147696181886e-01
1.969128947128698515e-01
1.114611607331276663e-02
-8.499824102501515322e-01
1.123118443493378582e-01
-3.901565293226557096e-01
7.898090827689786542e-01
5.748377116860388103e-01
-1.828984724454330302e-01
-5.518135115617806008e-01
-5.408213846186257223e-01
1.919120306366142448e-01
6.871700500515720567e-01
2.380441434868888761e-01
-2.806835471243079860e-01
8.101432055213497740e-01
6.050971407977367988e-01
-5.279947312419552841e-01
-4.288689385573677959e-01
7.171988179014739118e-02
3.624360219878367539e-01
1.817464958923638296e-01
1.586781213289327475e-02
-5.372403063369666221e-01
-2.901089525306544195e-02
2.550060536069928552e-01
-4.570667250239588975e-01
-4.901375072640991593e-01
-2.716541506041540988e-01
-6.413444998739672442e-01
2.843893264000297294e-01
-1.035006122409796447e-01
3.444602792542601766e-02
7.680809323205888273e-01
8.281039762628501777e-02
6.154944368588514125e-01
6.332743875878622808e-02
2.763633623375603698e-01
-2.136008388152347941e-03
1.472143603641234977e-01
5.641627529711372713e-01
2.874819766249076536e-01
-4.750236191210056580e-01
-2.657223838677428077e-02
7.863918146749346860e-01
-7.702216309298839381e-01
-9.227177924525944430e-01
-4.869858388873488653e-01
3.599600554151927145e-01
-6.309381389855479583e-01
-6.809691700964533023e-01
7.747958374728098896e-01
3.939715042412821888e-01
-1.098217732540130581e-01
2.458738766407465026e-01
-5.034620783406384970e-01
8.925234156518233042e-02
-5.211398891414847911e-01
-7.548495521617943904e-01
-3.968650617834140748e-01
6.776088378842487492e-01
4.766331262394932766e-01
-4.009448232432433201e-01
-6.200033086522075410e-01
-6.604887256708605325e-02
5.275388343046990558e-01
-2.262613288127519884e-01
3.133196164889376911e-01
-8.103718239680854918e-01
9.572384402151578042e-01
-1.340879321542982894e-01
8.313190313867271364e-01
4.946021146727104245e-01
4.274455631087424878e-01
7.591490109767319305e-01
-7.375345449148175137e-01
-7.824247346362745992e-01
-3.526356895031406702e-01
7.708431954191745650e-01
3.426149213032090961e-03
-2.000286895597276071e-01
6.246176758427833542e-02
-4.939259884555544100e-01
-5.732192101842372711e-01
4.374980029540690984e-01
8.747959212967484355e-01
-8.282150046105789254e-02
-1.929122507966701816e-01
-3.176783380565440518e-01
2.680371963824571338e-02
7.782976090512320200e-01
1.089619704454611315e-01
-4.398213044849094699e-01
5.813419933359261771e-01
-4.919039793024236884e-01
2.555052991922891481e-01
-1.107021613645254102e-02
2.021963373023900334e-01
-2.072115842138889386e-01
-9.793165698666798091e-01
-4.289179438178276627e-01
-7.027978711478953810e-01
-4.748389500544056285e-01
8.088532015963879607e-01
-5.755023861381973749e-01
3.326695781081675518e-01
-2.220055881535799858e-01
-5.655169563539014232e-01
4.538584328300514920e-02
-1.966003660458825464e-01
3.059189263538736325e-01
3.791166434598663426e-01
1.730942946764160162e-01
-2.319105038429972732e-01
6.894668093370269479e-02
7.251982345896762494e-01
9.169956506775640559e-01
-4.625570483369763064e-01
8.118768273987634343e-01
6.279400211158100431e-01
1.226256462406935949e-01
1.223930418785083990e-01
-5.444957083530224673e-02
-6.908206538784908979e-01
8.120764035183177798e-01
9.855153482019305411e-01
5.289134923477689654e-01
8.423787092641272789e-01
7.887644691973467737e-01
8.115244335950908550e-01
6.764403653339021161e-02
9.393165004194866663e-01
-4.158746893398947431e-01
-7.841177198904648593e-01
7.065648179186239108e-01
-3.123955411748713384e-02
-2.980554134854833115e-01
-6.377755090968036944e-01
-9.995953678984631496e-01
5.958856731287633934e-01
7.267431593224072950e-01
-9.422166419058430886e-01
