-4.055886922854809451e-02
9.531373313009540438e-02
-2.582815512339534658e-01
2.584543548748381991e-01
4.930645928993063754e-01
8.179267781426753370e-01
-2.177667521619490176e-01
-1.282609431171721770e-01
1.496308289452391305e-01
7.824953566149818185e-01
9.869951997656239984e-01
-1.000000000000000000e+00
-5.253804320096356895e-01
-6.206534608321082613e-01
3.377198148775244907e-02
5.964645246842907866e-01
-2.057060055705803303e-02
3.532490841631285017e-01
-4.545028889619173729e-01
5.452959737055602663e-01
1.572160066640156950e-01
1.168609138440894479e-01
-3.514028361722651428e-01
7.831312034502219133e-01
-8.441179272001065881e-01
-1.368797924444460079e-01
2.782012645030957354e-01
-2.850027498841142815e-01
4.981910728147810330e-01
7.768661714822500119e-01
7.678154287365080988e-01
5.460910501785934401e-02
-3.499414509119838645e-01
7.778340686783385971e-01
1.422894732151063490e-01
1.429552700066647197e-01
-5.307771464427351038e-01
4.396535303266287387e-01
-6.817973195710939072e-01
-3.661960924302526399e-01
5.357974274763851463e-01
-3.485491230223972670e-01
-1.259344827485437135e-01
-3.984083522119297172e-02
-2.435962522933617369e-01
7.470658642083027878e-01
3.729834420129367056e-01
-8.847153980578597032e-01
3.710213664235273434e-01
8.871347529511289243e-02
1.000000000000000000e+00
-9.777538122902816875e-01
4.624635354974892532e-01
-9.524259257788655342e-01
-6.774141359689006547e-01
-6.542043638531217509e-01
6.575768587496469975e-01
-3.789920642362867853e-01
6.015263592310382545e-01
-7.489966619806026626e-01
-2.797086659879766679e-01
-6.418474221279351077e-01
-8.965620855223879193e-01
5.131788020132622974e-02
3.476188021230932623e-01
-5.040941329778924063e-01
-4.652664902030680394e-01
-9.317284341462312991e-01
-5.684542647344604793e-01
-7.349096427895402961e-01
3.326165880063783886e-01
1.514966870381568853e-01
-1.747096050678881574e-01
6.310312198280785267e-01
-7.673762631146822111e-01
3.316901687021723277e-01
3.861998766783505399e-01
-5.962753228195425553e-02
3.190675084486528368e-01
-7.156906025621614376e-01
-4.829049652167267115e-01
2.356216084230478847e-01
6.574828579275765472e-01
6.464494051496679772e-01
-7.890614763123345865e-01
3.079631847004401513e-01
7.782766799610090214e-01
-3.967217840566305553e-01
9.610050584401933493e-01
-6.927348444781573633e-01
6.565057496350551469e-01
2.416496057518119633e-01
7.622114743644732293e-01
-1.243557060888907453e-02
-1.678628382592385893e-01
7.260380238569278388e-01
1.000000000000000000e+00
-9.519022068253779612e-01
-9.131102845946017510e-01
-1.090692216514672630e-01
-2.257151941224261327e-02
-4.119969564950290430e-01
6.294148032463697806e-01
-3.397057430190068561e-01
-5.965655436407456547e-01
9.207604063312430087e-01
7.490606672403928856e-01
-4.228862664103271163e-01
-8.962802668612341872e-01
-1.000000000000000000e+00
6.589003890203558589e-01
-7.103448424398656202e-01
-9.119301459835669199e-01
-3.789298445123490122e-01
3.266532362364680253e-01
-6.112232276318642077e-01
1.523692064760815701e-01
1.000000000000000000e+00
-3.987082199389198611e-01
-6.947595061602273026e-01
-2.335797020099781296e-01
7.281497032636617961e-01
7.988205477459034975e-01
4.794851370517549949e-02
5.086687495888013721e-01
-1.999283237393090495e-01
-1.413598408829531694e-01
-4.336280558903256588e-01
-7.860988759320158836e-01
-6.171237171172176961e-01
-2.483166277174710668e-01
5.848439966847251981e-01
4.826716166250247797e-01
-3.608477958840030086e-01
-8.647328931223533521e-01
2.971262120848055521e-01
7.460581491968931722e-01
8.673036615779522451e-01
-8.425671361790117997e-01
-7.585639722463881629e-01
-7.012707841815216669e-01
7.872676265783403737e-01
-1.851682798071981745e-02
-2.629092142514102282e-01
-4.169849967915496558e-01
-3.776979124393841092e-01
-7.459295270447308113e-02
-6.019698260782258004e-01
1.000000000000000000e+00
-7.088411970794011863e-01
2.094008746684570266e-01
-2.138981246543455450e-01
-5.646475879479213589e-01
-8.040346643357477729e-01
8.546493908925032468e-01
1.845923889692762179e-02
4.798833473670583404e-03
-5.168265572000859676e-01
4.516559762629843156e-01
1.000000000000000000e+00
1.885701309645910206e-01
-5.609325116232038999e-01
8.982603196886437824e-02
4.380406879511457019e-01
-1.000000000000000000e+00
1.000000000000000000e+00
3.747545409162069546e-02
4.429305160519146911e-01
-3.190160545597501285e-01
3.885358817841431667e-01
5.905229320679961091e-01
-4.990089333172549324e-01
-2.044372255194538412e-01
-3.908700315071617082e-01
1.502587800339790503e-01
-1.486068484528036970e-01
-7.607058434753535270e-01
4.351834452573243861e-01
-8.630447460412201677e-01
3.430679067331259269e-01
5.944718526135231995e-01
-7.149682589829223223e-02
1.020934949823988358e-01
4.191278661932931748e-01
-7.132774437024426151e-01
-4.374262016331924574e-01
-6.456202051917931950e-01
8.681251032848755211e-02
1.480628532030362210e-01
6.228315685410116265e-01
-6.721129857887165882e-01
5.679931727253524631e-02
2.721633898197329260e-01
-4.833816590731828122e-01
4.853179045463845154e-01
-2.350161306576223630e-01
6.843623051752824038e-01
7.502225521426744148e-01
9.670422559808428131e-02
-2.942029780348016325e-03
-2.713254837334920788e-01
1.254474992737666106e-01
-2.816338353173922227e-01
1.936217774758852705e-01
9.540506941907200833e-01
-9.404791424141459855e-01
1.247001953078577668e-01
5.950212465682261920e-01
-3.809313750151627209e-01
5.216076436696507335e-01
-1.000000000000000000e+00
-3.188804715137706913e-01
7.851226634324637299e-01
6.760429066114151953e-01
8.833619879463697755e-01
7.702415488993498427e-02
1.313359373902545091e-01
-7.436337927461347252e-01
7.893914129578690764e-01
5.333821282970665489e-01
-1.062334931434559954e-01
-8.348922143140591334e-01
6.010278384338019197e-01
5.603130330168879514e-01
-1.042470981644351771e-02
-8.542638564899507347e-01
6.174491908386521566e-02
4.835043010528005669e-01
2.526570426334933117e-01
1.438063370410107289e-01
-4.173910893658713817e-01
-5.532139809440337341e-01
2.465668459912094823e-01
3.616876216174375047e-01
5.820604878224222567e-01
2.004263772010035083e-01
-8.909655062900090350e-02
7.864298382379705243e-01
-3.087702514944393739e-01
9.208841912724529122e-01
-9.473737092885839983e-01
2.841329128127547676e-01
-3.030154332114400328e-01
7.356992272553882772e-01
2.774298970947772780e-01
-3.866255392328681317e-01
-5.489930985852928824e-01
6.152063896839797819e-01
-6.439822904037303952e-02
-5.406000797247876299e-01
-6.118489718509790842e-01
6.289346304724336978e-01
5.289147308664139402e-01
6.763104485474797922e-01
2.342607181968018870e-01
-3.398970710722157285e-01
-2.310704947140199972e-01
7.814368516436778211e-01
-4.030762751508910613e-01
-1.330272288546237303e-01
-7.926494743720575997e-02
6.065013489075991027e-01
-5.861732648645718857e-01
2.496218815204532745e-02
9.779803124774482104e-01
