-2.028022524116226410e-01
-6.449479275463643191e-01
-3.429596291408461561e-01
5.717027118057796953e-01
-4.317995501952616721e-01
-1.428135772044858143e-01
1.000000000000000000e+00
-9.911654492774811531e-02
-3.719625793205978970e-01
7.900241564428793495e-02
-2.078298851654267199e-02
6.606435104209418263e-01
4.837412779894566250e-02
-9.259165687907952025e-01
8.865733619598774595e-01
4.445470831626401331e-01
-8.861491901979712260e-01
1.467196731563707446e-01
-4.948316318507319234e-01
-2.881652421808374998e-01
-8.433120362087218047e-02
3.490914234555764217e-01
-1.706566732774843567e-02
8.966476098741373024e-02
4.878283367462040720e-01
-1.891023059625667191e-01
-2.103295854868383052e-01
2.432613946049525799e-01
-5.229149636830722481e-02
-1.181080644447967710e-02
-2.599202269244300645e-01
-1.193575992949010428e-01
8.098165270240986757e-01
-7.904364036038329100e-02
-4.271964396802830910e-01
-2.303614217066861283e-03
-7.123106210661378501e-01
9.063100466947668910e-01
4.766851641316389165e-01
1.482828547493852678e-01
3.925516197476888736e-02
3.080212524499764126e-01
-2.558638897423360370e-01
-1.853273578962973678e-01
-7.335292968736679686e-01
5.095312044587303746e-02
4.910738921600170670e-01
3.726718260049576847e-01
-2.077987358566384668e-01
-6.129731070346722266e-01
-3.331167429414263470e-01
-4.212655852558390146e-01
-3.809575082703298143e-01
2.893498917578971596e-01
-6.243518841368266292e-01
-5.574663741493421920e-01
-5.762808085545260139e-01
1.000000000000000000e+00
-2.830406277557494829e-04
-5.200169498913409516e-01
9.596289309213382746e-01
1.055378342463888647e-01
7.245215170200285382e-01
-5.505352277727432186e-01
1.710968621749121149e-02
7.023454852734052622e-02
-3.398141676718216542e-01
9.336586034473735030e-01
8.186645240544637714e-01
-4.405624115762283854e-01
-2.422896678840265605e-01
-8.557848088815269705e-01
8.887137128170962130e-01
1.860435024857143849e-01
-8.204643932099178194e-01
-3.040465204192992904e-02
3.099839452071825874e-01
-3.527546160351986426e-01
-5.476786489330636165e-01
3.404772128617779003e-01
8.289847692368003118e-01
-6.091232469956873175e-01
9.178306164189382610e-01
-2.964969800441891179e-01
9.901867680196378974e-01
8.668857817891363338e-01
-1.356561128444030984e-01
4.474474108705240871e-01
3.441797103747625819e-01
-6.879194845941699610e-01
-7.908094672828747118e-01
5.265751487004391995e-01
-5.715213394313349848e-01
2.629085233792670673e-01
4.502947330201356735e-01
-7.895121549366654334e-02
2.367169214634442728e-02
-5.532732528095651858e-01
-8.557249762517070701e-01
3.462058870148295719e-01
-3.491365089560360957e-01
-1.024962501976422850e-02
3.831750976681213422e-02
4.113960692673656050e-01
-4.655182201193824865e-01
8.851968673428998180e-01
-9.146628800332586851e-01
1.000000000000000000e+00
-2.506645563825895540e-01
-2.821311999129077486e-01
-2.297639924324280380e-01
-4.229133229766618429e-01
-1.000000000000000000e+00
-7.394680815501153415e-01
-6.233215570892230994e-01
-5.810510242163672290e-01
-2.522467567407626343e-01
-1.085396001544161604e-01
4.307134783559042890e-01
3.127387633187818650e-01
-1.346193802626773073e-01
-1.867247822493187104e-01
1.033028917262234780e-01
8.896904686546032448e-02
-2.450954055899412787e-01
6.340295456869653457e-01
2.591133675584469942e-01
-4.453802238881435227e-01
-5.649572936991269501e-01
-2.390228891833049429e-01
1.682258073464631132e-01
5.545644046617884682e-01
-7.675470527318147829e-01
-1.435201864688082085e-01
-8.145426558273473061e-01
5.777575275788807696e-01
7.414873258855361193e-01
-1.298379784491936750e-01
3.113263615143693763e-01
-4.617182950650449147e-01
-7.116479237815201975e-01
-9.891747563924859765e-01
3.220969774585754064e-01
-4.964916363987951220e-01
-8.169387881377879745e-01
4.121940341889121506e-01
-2.364003151759832277e-01
-2.182762930001980739e-01
4.096188380398709805e-01
9.120152518521619234e-01
-4.512144092053119171e-01
1.000000000000000000e+00
-9.835981494896487431e-01
-6.224462195272890686e-01
-8.787031052633464956e-01
-2.754998619485437561e-01
1.000000000000000000e+00
9.487241777627036798e-01
-2.507299649808992364e-02
8.765573651453648640e-01
-3.311867417340476072e-01
4.315675458952922261e-03
4.028691275909506153e-01
2.810491485161206032e-02
-4.775634756550679039e-01
-4.070748948847152104e-01
1.106268292275317672e-02
-4.302719207678210728e-02
6.622191283503925385e-01
-2.222343531602463396e-01
-5.807890038740869398e-01
5.506306134563556665e-01
-8.088123153439973345e-01
1.748639622529857621e-02
4.128297429759233417e-01
-7.806797795568415355e-01
6.073923026536006686e-01
-9.414349096511080983e-01
-2.553875450010913428e-01
2.741097982367084462e-01
8.601600211404726581e-02
-9.420215878333264570e-01
-5.707191478190477563e-01
-7.386766705409637535e-01
6.033945689251914851e-02
4.297774768056562555e-01
3.243937037237488719e-01
-5.759094208838658746e-01
-1.000000000000000000e+00
-9.163827030912075067e-01
3.834484623176556695e-01
4.152666625110302268e-01
6.066004048503704782e-01
3.987865550205674237e-01
5.477625907602514665e-01
6.005268874217850605e-01
-2.689900273589989621e-01
-5.887159847449930927e-01
-1.000000000000000000e+00
6.478055278125964822e-01
-6.987825996917618188e-01
-3.767102693599000407e-01
5.454385288666427911e-01
-4.108095499568903963e-01
1.000000000000000000e+00
1.426865234302729379e-01
5.620611708013364405e-01
3.927773432321392533e-01
-1.000000000000000000e+00
2.153381103655797324e-01
-4.301018124609423676e-01
-7.755502072023604532e-01
4.474624113396182268e-01
3.266365862114230523e-01
4.641795769911980507e-01
4.017637400748734766e-01
5.383060818339788778e-01
-2.440469307192682513e-01
1.397799294689918703e-01
6.037344470786515371e-01
-8.001005700801380183e-01
2.243113088397759025e-01
6.171950621705069029e-01
3.688980191029272437e-01
1.742335100795375513e-01
-3.856068725106730488e-01
4.565290298220586185e-01
2.521040261979837216e-01
6.317423515114130028e-01
2.704542020822448545e-01
1.765443953251218945e-01
-9.170493656033715801e-01
7.309788349120440731e-01
3.314922115680044579e-01
4.212790593123426075e-01
-8.270966462918003526e-01
8.968300099057073815e-01
5.490268700951804748e-01
3.061972580264860078e-01
1.837458759637624894e-01
-6.537891878803592238e-01
4.530979506279967928e-01
6.163806414106086651e-01
-1.000000000000000000e+00
-1.843321389682197331e-01
-8.086015379692089722e-01
-1.693230520171091491e-01
2.795498172721627150e-01
-4.448797131829055895e-01
7.786719402076879293e-01
-2.883269421582165815e-01
5.903593215101009539e-01
-5.012995401874823648e-02
5.811647463543941905e-01
-1.756423530389384091e-01
-9.602793776290556582e-02
2.250128375783219392e-01
-3.476645031447713613e-02
4.413156729570546499e-01
2.830156584000067532e-01
-8.716967460737743423e-01
-8.560001567713768633e-01
-1.674995222794448124e-01
4.131780295506020662e-01
5.738707925610222471e-01
