-1.916421217011551603e-01
-1.000000000000000000e+00
-1.690734062305998264e-01
3.124577546259735272e-01
-8.952413351540531306e-01
5.734033330926550237e-02
-2.970414516345498135e-01
-3.798386405737128046e-01
6.166921649495102353e-02
2.263892672766369130e-01
6.262070830866006861e-03
4.800845062757250203e-02
6.392850862617989183e-01
2.609482241075206099e-01
-8.992321686154499671e-01
-1.851817170168280624e-01
-1.941254232984774286e-01
3.349078840407997831e-02
2.836458334715720730e-01
1.118233523049486089e-01
-2.052767251993841691e-01
-3.173513096962843338e-01
7.815057178827281015e-02
5.319918771417252445e-01
-2.056929541662534389e-01
-4.450777113326058188e-01
-1.000000000000000000e+00
-4.677471601565558884e-02
1.737720954432124265e-01
-2.033285464941170795e-01
3.385852591043990722e-01
-3.225014593514207578e-02
2.745048406804755370e-01
5.980677274016586997e-01
1.151842129703299772e-01
-1.683630752681500586e-01
2.546543234337285688e-01
-8.283202104682053923e-02
-4.432393328286771683e-01
2.175704880277224695e-01
1.938928233812813873e-01
5.221259986260095021e-01
4.622078152789599881e-01
-8.175102685606734365e-01
3.646199361476054612e-01
7.402371270897093458e-01
-8.179267468684391085e-02
6.636739737455145116e-01
-8.260233521497257758e-01
2.605891267126725364e-01
7.665244518979232036e-02
-9.011145346955079516e-01
-1.000000000000000000e+00
-1.825713942351709362e-01
4.471095522754737206e-01
-5.018459884907053858e-01
7.529268835213718258e-01
-5.931177635666460418e-02
6.194448798187909278e-01
4.115897932549991700e-01
4.204645931521210356e-01
4.485264081853835849e-01
4.030629601400128603e-01
7.426839457706786440e-01
-6.194916120024442918e-01
-2.305707138000307743e-01
-6.689219863019277845e-01
-1.000000000000000000e+00
2.760144895382177221e-01
-8.514388005768346313e-01
6.625120686078395105e-01
-3.068293258918011190e-01
-1.000000000000000000e+00
-7.258509616770152106e-02
-2.884187057702032320e-01
6.970428180343234414e-01
2.620097175637430276e-01
3.202057800112078634e-01
5.002946836839949202e-02
5.019266841774587540e-02
4.255022273527465648e-01
-8.214808141069596115e-01
6.722542606058363734e-01
6.473642398406863618e-01
2.098470067214098789e-01
1.861116197646315862e-01
-8.549932980798130577e-01
-7.805350647783211304e-01
-1.869666121530668204e-02
3.461260076830046106e-01
1.426248321764834737e-01
1.789772474688325066e-01
1.544445477972439078e-02
-9.436409008911524898e-01
-2.329816495224050488e-01
-1.000000000000000000e+00
8.244939407148569321e-01
-2.657429164435032298e-01
-1.000000000000000000e+00
6.427660216287623962e-01
7.420099492246757800e-01
9.706503116425025945e-01
5.347451523599721090e-01
1.908606009280993943e-01
-5.403702553026639155e-01
-2.276715959247140597e-01
-6.188756617188934106e-01
-3.028695907510222107e-01
4.174137694731989146e-01
-8.587371453706504898e-01
6.869131940252594104e-01
-8.955349935486550672e-01
-5.278472079767854153e-01
-6.132620429812120078e-01
-2.687941165008748134e-01
4.494616945478124292e-01
2.573268649149426102e-01
4.634120691982310802e-01
9.286328491835075249e-01
6.691775134549644566e-01
3.348028540426450927e-01
-4.166685354795248569e-02
4.265463527148470324e-01
-7.473967095646960601e-01
-8.833827208325539804e-01
7.784060153526474179e-01
-9.151707190017184246e-01
-2.017125608522430669e-01
-3.038240374132157862e-01
1.365676870136315890e-01
-2.487856442176933358e-01
7.924877906699567820e-01
3.546868776102265475e-01
5.350973703768343581e-01
2.899089613648130892e-01
6.448670974905154618e-02
4.403233633179842177e-01
-6.000134213786657567e-01
-2.386204394821261898e-02
-1.201176313712101207e-01
-4.793352578355893345e-01
1.354348070292739695e-02
2.881930928359976996e-01
1.530014297857719696e-01
7.470710443487817987e-01
-4.108594634613498831e-01
1.612448261405054761e-01
-1.080172517471426619e-01
9.124505785051638673e-01
4.019469324982545833e-01
-1.496554493115118956e-01
-9.043477513087619934e-01
1.611795154779920025e-01
-4.537550889748150906e-01
-9.227353858825959598e-01
3.591478844757518551e-01
5.357409942333337671e-01
3.768181696153690141e-01
9.128577890323844035e-02
9.148736321148829287e-01
9.225089023387438025e-02
-9.690176192055501847e-01
-9.035207986249278456e-01
-2.582067868749171047e-01
3.717716483658360382e-01
-8.353701407404331980e-02
1.704695850413803504e-01
-7.911768670004248882e-01
2.071001033890650656e-01
4.079163974690350747e-01
-2.269051105225002862e-01
7.351246260038064584e-01
-2.969752863405875631e-01
1.140612972403790004e-02
5.796134135003336990e-02
-1.000000000000000000e+00
-4.470195121407854466e-01
5.240005332425768936e-01
9.781366069392952167e-02
4.407678198225311039e-01
-7.861665443447408974e-02
-7.755967512909882622e-01
-3.245760140711460573e-01
4.667303611317477618e-02
1.173528681120812878e-01
-4.482552401144138110e-01
-3.831482482971533821e-01
8.065990623964066630e-01
-2.950074039184635288e-01
2.876499536892057063e-01
2.569785423474330033e-01
-6.515353112054534934e-01
-7.824265959928891068e-01
-2.485030763889713168e-01
5.146100669950032236e-01
-3.499037001956672444e-01
-3.771220892354754661e-01
4.201971684608802327e-01
6.664276969638727177e-01
9.369730973433477716e-01
1.290957657770118450e-01
-5.039864817372591288e-01
3.952956399691570089e-01
-1.720469732412477082e-01
7.501117952475480077e-01
-1.920417997830652368e-01
3.229420714827531125e-01
-3.970332331751428301e-01
-1.260334560575278873e-01
8.669668663318855772e-01
-7.902314521875234421e-01
3.354658311133026927e-01
5.285217427850297245e-01
8.666804076367476961e-01
3.231751870924126080e-01
-9.235102796355210142e-01
-1.803104835697047492e-01
1.561224488984637726e-01
7.379494308143773607e-01
-7.494574165689358303e-01
5.450215042828566725e-01
1.961993409822527235e-01
-7.497064125958916581e-01
-7.100825605158327392e-01
8.460259721644240727e-02
-9.959349841781582890e-01
5.037321326879700134e-01
8.190367729790091200e-01
-1.223150129607127878e-01
7.728058760020352080e-01
-4.034018466506557599e-01
7.037053791335199371e-01
5.313317623140695334e-01
2.843462556007023689e-01
7.448678092492244662e-01
-7.082995429786383967e-01
-4.868705748037945868e-01
8.904601816386288338e-01
4.862194803123309761e-01
5.808166808203787390e-01
-1.411842049015920586e-01
-4.892723755305762590e-02
-2.049036319721514454e-01
2.272305728520245816e-01
-5.340173474960620004e-01
2.197777215296982389e-01
-1.000000000000000000e+00
5.481286358672522452e-01
8.410615084007787567e-01
5.383238902436877638e-01
-2.911106311111100187e-01
-1.464764378788167010e-01
3.705703894154802613e-01
4.923872150854148311e-01
6.016305156297756529e-01
-1.000000000000000000e+00
7.488687671939402157e-02
5.146410392247593446e-01
3.173818573414740607e-01
8.391900645436624062e-01
-6.679299758618136851e-01
-6.922634201315848168e-01
1.941814859238761293e-01
6.499638694789644511e-01
-2.293085074299832937e-01
