-4.563117208248201329e-01
-2.427132387053890783e-01
4.792506008562893438e-01
-3.139959502286580051e-01
-8.517058821553031428e-03
-2.273809188747118737e-01
-4.530980262924880209e-01
9.829798063544405162e-02
-2.717479748157080599e-01
8.797405031859720781e-01
-1.000000000000000000e+00
7.989272545520639257e-01
7.619239642430861714e-01
-9.956632405368726069e-01
5.101801467786295508e-01
5.284427181267901119e-01
9.294853713609851908e-01
-7.797618868503537470e-01
-5.287516672358042458e-01
1.087481629753318246e-01
-6.215766703742251487e-01
-6.838001593281636259e-01
-2.797639985502557436e-01
6.029673939458952692e-01
-8.961244134944044148e-01
-1.000000000000000000e+00
-7.681864429739128086e-01
-1.035746765256066876e-01
4.287351069848241991e-01
-1.369192169022698802e-01
9.173482219334138099e-01
-1.000000000000000000e+00
-6.133950961251934952e-01
4.883542528702275454e-01
1.248132438794742893e-01
1.216976937333483222e-01
8.564748708394938070e-01
-4.519826941481824845e-01
-5.871963376252122835e-01
-6.797278617032483927e-01
-7.510664777024321781e-01
1.218257527799079115e-01
7.500905079945466847e-01
-5.715150120820027269e-01
-9.689974507435189857e-03
-8.151261058805050475e-01
3.997019992346842465e-01
1.005569016249863862e-01
7.009440512921216726e-01
4.188085946934808623e-01
6.337265783223265947e-01
7.960659591203250729e-01
2.017983349334545595e-01
-4.703856314180588361e-01
5.758870568066497553e-01
-3.352656396942603478e-02
3.720214655175064777e-01
6.562046557949505199e-02
-3.543229148864918687e-01
-7.974407264337138868e-01
4.496870033469062000e-01
-3.756777383033484408e-01
8.299129787819696791e-01
8.031509508074639037e-01
4.008856661016298450e-01
2.491208301523476776e-01
3.809958274476826223e-01
3.879477775545365215e-01
-2.026725835616337290e-01
3.365026875384471428e-01
-2.455269529695618957e-01
-2.421154857022771167e-01
-2.782838911856255204e-01
8.934712771520021413e-01
-7.787450897640590952e-01
-1.945542019940581235e-01
-3.054099515634328341e-02
6.968581674092577671e-01
2.847567881095391940e-01
-7.156356912692511951e-01
7.323872007758807090e-01
-4.404199597190672777e-01
9.160511266327336921e-01
-5.142911708005576399e-01
-6.080240968167620608e-01
3.530900386945114156e-02
-2.149229109768525381e-01
1.001208601952359306e-01
7.903418466660790120e-02
-3.141136946947032382e-01
-4.971450080650559045e-01
-3.937163826749106033e-01
6.221815242298225357e-01
-2.694026088300767729e-01
-1.235692895276575137e-01
-2.043439119457539921e-01
-4.771012151069946583e-01
-7.586205542969833848e-01
7.064835471215755724e-01
1.950484926091061444e-01
-4.858470274656413734e-02
3.167925005170765980e-03
-6.578109914253110757e-01
4.175587046834306482e-01
6.450707922566041308e-01
-9.057934140800761869e-01
-4.921562136461550274e-01
8.975211807457947888e-01
5.824243008475596950e-01
2.298307211508624492e-01
-1.413152461067133936e-01
4.250934670667467219e-01
-3.234220533183284063e-01
-6.368742203876772701e-01
5.852331171461038206e-01
5.329141621764283965e-01
2.746467359987729284e-01
-1.411182185556849322e-01
6.815787354758406046e-03
1.722275333211544801e-01
3.890694249863940191e-01
3.571130639713105959e-01
-7.561785505970210208e-02
9.765214978707270621e-01
-1.224677458232582561e-01
-8.547382447555748608e-02
-3.177503761315442765e-01
-1.873867740274333393e-01
7.747017357771793789e-01
5.826493440897163589e-01
-1.000000000000000000e+00
5.385967184079979431e-01
7.155584789611026952e-01
6.048079638279829640e-01
9.611970407786371018e-01
-2.874939056045046071e-01
-7.834333564669929695e-01
-9.584258294774811171e-01
4.683050510249534004e-01
5.891311059249552118e-01
-7.428225286156449059e-01
-5.488927489157132550e-02
-3.984911377929333254e-01
-7.776279590042806111e-01
3.266020599738251873e-01
3.735670144810595561e-01
7.908589533797663607e-02
-9.651981384078759385e-01
-6.959248414693928186e-01
5.479364964113582204e-01
4.056491608750709826e-02
-1.979213901617914717e-01
-3.388498949628240831e-01
-5.658620008182417838e-01
9.944574429528316717e-01
2.851306867324662209e-01
1.943276432718255842e-01
-3.632731682414110930e-01
-7.540739361796867934e-02
-7.383770204538017135e-01
4.889966457555200430e-01
-1.908879878006081443e-01
7.158700026693888274e-01
-3.588727446118394337e-01
1.377244253045629280e-02
-8.221759891158668676e-01
2.129162596583383527e-01
-1.000000000000000000e+00
-3.425257631231689026e-01
2.387525475029275979e-01
-1.125607692381916242e-01
1.000000000000000000e+00
-1.000000000000000000e+00
-2.644572568267989365e-01
7.428018058471133056e-01
6.418487683909400721e-01
7.202643926429231902e-01
2.699040063877949924e-01
-2.235767008506284181e-01
6.714805330687605434e-01
3.750123548648608418e-01
-1.675736942896180193e-01
1.204361627753815084e-01
9.477088523582394286e-01
-1.163702796157055214e-01
5.730265190762164895e-01
6.606332472148509494e-01
6.441846721066279979e-02
5.529585762060948984e-01
1.491365901574132624e-01
1.000000000000000000e+00
-1.891125677463582552e-02
-5.033696443405025756e-01
-6.282196926798654379e-01
2.818018914425542421e-01
7.433437624175045499e-01
-1.771708728275898925e-01
-2.669721682878584135e-01
2.957750876919649219e-01
3.555092476786449462e-01
1.712135584211791628e-01
3.481881528907229684e-01
-2.209827675332558528e-01
4.294986299521417750e-01
-4.863239274433732440e-02
7.025035187919346225e-01
1.000000000000000000e+00
2.496925617089828242e-01
-7.229572889143666414e-02
1.307086154507195730e-01
-5.051760418457151847e-01
-8.970563821136243732e-01
4.283510220012856640e-01
3.302406551960086478e-01
2.641545709058745750e-01
-3.364364579918745490e-01
-1.790569966771136667e-01
6.345280067630829635e-01
8.549526591741872794e-01
4.712846810833060673e-01
-9.616578679804437257e-01
7.121838016280643835e-01
1.426478656346531482e-01
9.964719016739660429e-01
-5.630013077523265963e-01
6.027785585586738215e-02
8.355313627266076903e-02
-2.034458664256370564e-01
2.505244307392569536e-01
2.699173338694106916e-01
2.328032594033675462e-01
-8.027998961062741134e-01
7.243855214142959076e-01
7.696491820630525504e-01
-3.125525049470220113e-02
2.146663395820223030e-01
1.161069929708628407e-01
7.698061803161733163e-01
2.299617709585964620e-01
-6.519670129688556193e-01
-7.097926573522556071e-01
8.919796995639376336e-01
1.000000000000000000e+00
7.794014259170759518e-01
2.679353214603569788e-01
-4.165091372675367998e-01
3.221979319670602027e-01
6.402507520541267372e-01
4.617048742379514237e-01
-2.541395783258337815e-01
-9.307657840037173447e-01
-9.055739028741485175e-01
-2.557328670372451263e-01
4.701863187630193619e-01
2.860364871027178957e-01
-8.091942179397089430e-02
-9.332639770045474403e-01
9.807597146652506925e-01
2.012167776783015671e-01
4.196831716259176726e-01
-5.469873746351483490e-01
2.786262723559960186e-01
3.866847604789725446e-01
5.630767886833806246e-01
5.246175301117311784e-02
