-3.593081717703679456e-01
-3.435462666626015737e-01
-3.495339884008786258e-01
-1.070151411207068970e-01
2.833126998290895204e-01
2.033663349895484529e-01
-3.379294967593647336e-01
6.424872797639544775e-01
-8.474395298295077372e-02
1.537035730475684037e-01
5.650988711559505884e-01
7.770754456738128146e-01
-2.888780830785978027e-01
1.176318894620608652e-01
6.592155870821511110e-01
7.168921475557489265e-01
-3.955436306860135032e-01
3.919054928651755478e-04
1.000000000000000000e+00
-4.058796338295457273e-01
-5.051625943080673142e-01
1.678394171934914636e-02
4.533670822272981571e-01
-1.421287061210917690e-01
-4.113826995447632529e-01
-2.596417754349673035e-01
-3.027204785749431637e-01
-7.741461964975848709e-02
-1.794402598045922725e-01
-4.622177148187530116e-01
-2.680549465797990583e-01
6.789716242115017009e-01
-9.698936932599001581e-01
-7.358821045233295832e-01
3.636802407492486511e-01
2.015784906861211589e-01
7.106127540937484666e-01
-2.589765702141074155e-01
4.325758807538118700e-01
3.675315155301430159e-01
-3.118093765841730147e-01
5.232536962842921913e-01
5.949916672855085631e-01
6.714233678153058715e-02
4.558294759956332820e-02
-3.674622654422214363e-01
-8.018334809208198521e-01
3.733958099771803596e-01
-8.096288921504108949e-01
9.604775765527180376e-01
-9.906624165158064432e-01
-4.144304025465819774e-01
8.567158082415549103e-02
5.086937022302243649e-01
-6.880548251898679357e-01
7.445937294855489164e-01
-7.255886414583003763e-01
1.000000000000000000e+00
-1.570433545690427535e-01
-2.692717059772074539e-01
6.372508094337187012e-01
-1.391034854868797022e-01
2.093373416472133486e-01
5.613119306854408991e-02
5.263068904520644686e-01
2.605554776337028478e-01
7.337882984513888207e-01
5.963936191477424709e-01
8.146775550409995903e-01
-1.000000000000000000e+00
5.034044599441496182e-01
-1.000000000000000000e+00
-7.520097901995875800e-01
1.984214002619044126e-01
1.000000000000000000e+00
6.547841819290929344e-01
2.611292294529228841e-01
-8.612273300541880561e-01
3.918325244885979552e-01
6.523936781071461022e-01
5.803064475134488420e-01
-7.371125492253077782e-01
8.730249248718893185e-01
-6.942292526312340839e-02
-1.026377346490517789e-01
-4.087591258065118582e-01
4.268918892374968244e-01
7.858663267587336909e-01
-4.627179549485470056e-01
-6.470184677013440799e-01
-3.806728270346172727e-02
-8.122423992014844440e-01
5.796128228883938860e-01
-6.401900279063203747e-02
-9.526790988402806803e-01
-1.638702679792957972e-01
2.044667723445538765e-01
-5.828139883139925592e-01
-2.959617546330101101e-01
-6.887241627546256129e-02
4.582739087796394162e-01
-5.149280139261067646e-01
5.657445682687581301e-02
-7.833999345332902375e-02
5.661492602381568151e-01
5.655380343129504661e-01
2.963809840209089552e-01
4.014152918655751745e-01
-9.697492634813215107e-01
-5.589768574871696316e-01
6.912475144065136634e-01
2.994471429121935424e-01
2.006321821416569284e-01
4.890293851361775523e-01
-1.308108476562629130e-01
8.066999991009565774e-01
-2.534927379685714133e-01
-2.820493239256477991e-01
-1.784217982189107432e-01
-7.716651243668277704e-01
-5.124209263767898204e-01
2.813129448695543267e-01
-1.740683485992310653e-01
-5.114461717233161897e-01
1.543690490830222362e-01
4.612356336593819162e-01
5.710247437829867323e-01
2.721914374548335402e-01
7.960059771391018169e-01
-1.108731967820370257e-01
-4.356807719063253148e-01
7.779835250946196545e-01
-7.205286109072998046e-01
-9.784623570397865677e-01
2.668298551080231507e-01
9.103894013208903013e-01
4.175228915189370116e-01
-5.520784655893552495e-01
-4.544954939193707188e-01
9.012968440738495790e-01
1.606788996331606767e-01
9.435623409716107357e-01
6.529667438795057066e-01
2.139077682779431944e-02
-4.776554177353445341e-02
9.288532872321217382e-02
4.739310945998242430e-01
4.921114918773808466e-01
2.479653423795187828e-01
2.667403979524553548e-01
-2.957157571710399280e-01
6.399846766452673696e-01
4.364856904883941402e-01
-4.178106212758292415e-01
4.827979573930049617e-01
3.175915010935880661e-02
-2.494232661496964543e-01
-2.719668261843289914e-01
2.386801138229889541e-01
-1.000000000000000000e+00
-5.964197279893482598e-03
6.160330402256999349e-01
-1.519784894336092262e-01
-1.336370524194210596e-01
-1.675786504218594944e-02
5.591662595162000260e-01
2.790947287150561951e-01
-6.246078107153837378e-01
2.902139715957167687e-01
4.113912774464356104e-01
-3.769441939365122951e-01
7.386323565730404557e-03
-1.240578238624285151e-01
9.390730402801512888e-02
6.541599471567353108e-01
3.908068603113869499e-01
-6.671436984055059138e-01
6.789481923014456521e-01
3.228563914196767026e-01
-9.551763035897259391e-01
5.780254365630567159e-01
-5.886400793677237786e-01
1.000000000000000000e+00
-4.179714435811420770e-01
-1.939471840077611198e-01
-3.158286812704913515e-01
-3.891841652583513111e-01
-1.765555941984749411e-01
-2.919612544194588599e-01
3.291515813057689366e-01
6.522971192724574818e-01
-4.961965881288659674e-01
-8.908738553894325340e-01
2.827754316076655505e-01
-8.452147392415396143e-02
-6.892913134673989140e-01
-2.037142280163733721e-01
1.857432162892720950e-01
-5.733523332990346777e-01
-4.170475185309480137e-01
-5.643276649448117355e-02
-2.001799364630471589e-01
-1.203523213437107803e-01
-8.105294798971963699e-01
-1.043165015219806868e-01
-5.618689152692682987e-01
3.507109553320030271e-01
-1.000000000000000000e+00
-4.454828915703969994e-01
-7.794088030732714278e-01
-9.123318767778618721e-01
4.046385896206857180e-01
7.463998722264889585e-01
3.341795898719215896e-01
4.163851797171530533e-01
-1.852937739100954662e-01
3.849823879009098837e-01
4.628899122081736039e-01
1.474675638504611141e-01
1.541081276738592576e-01
2.902778504664079162e-01
6.187714991950760135e-01
-2.130184120562794159e-01
-2.467313356797064816e-01
-3.046148856260279536e-01
-8.828559882116177038e-01
-9.542621840719383020e-01
2.937638374673352537e-01
2.027727090901625673e-01
9.353298935372656997e-01
-1.268074692308045481e-01
-4.551263550358228271e-01
1.570364797184101158e-01
4.644966349698503860e-01
5.273016316341984089e-01
-3.106127944089781545e-01
-3.728505636376146237e-02
3.185163493836787318e-01
4.544010799022774050e-01
-3.794869054195770253e-01
-2.527389071563349576e-01
-1.806073628674910725e-01
7.191153081456738150e-01
-6.772716084447697460e-01
5.654972733287570996e-01
4.411285977661196234e-01
-4.493611256126280318e-01
3.214215762366558482e-01
7.789905461735753267e-01
6.222567496685646460e-02
-7.822290195111051281e-01
-1.000000000000000000e+00
8.484805384178968346e-01
8.897031304051773448e-01
-1.186119098102472597e-01
-3.260373767740423756e-01
5.475553018344103684e-01
-3.762369729846344324e-01
3.919955220578478783e-01
-7.892126070861034126e-01
2.003710225121664856e-01
-3.292910270608668255e-01
2.725888857145410404e-01
1.700488719028134602e-02
-7.620526836168255436e-01
