-1.000000000000000000e+00
-6.696662465887068816e-01
4.469528987811269283e-01
-6.033158589383624815e-02
-4.240708298987079239e-01
-9.565935129044005336e-01
8.712747505536609927e-01
-4.481512616865352960e-01
-7.396817085920526225e-01
9.219492351630035332e-01
-8.388986641156528368e-01
7.291586523706478085e-01
-5.096802323337478180e-01
2.367238041033529472e-01
6.453127388913268980e-01
1.659076536163492099e-01
-5.516357680750173520e-01
1.171220918931280552e-01
6.874310128751421889e-01
5.009294353040587983e-02
6.898917233982021502e-01
6.820516435474417438e-01
-4.512629447549277306e-01
7.491117755487400331e-02
-3.796477750745796964e-01
-5.412869996298696335e-02
6.580744509907510142e-02
8.538260773650584445e-01
2.294563909242587629e-01
1.311275123869311970e-02
-6.304075429984775658e-01
-1.000000000000000000e+00
-3.315129876728424296e-01
6.558541386065459555e-01
-7.350989886781923444e-01
3.015027281235050371e-01
-8.343210387705085607e-01
-2.484393330819284484e-01
-7.681843899949487575e-01
-6.866354472562462563e-01
-9.387906259822183241e-02
-2.864106985985570009e-01
2.560359937190551660e-01
5.469269072117420860e-01
-4.047277095214715237e-01
-6.471765896494175996e-01
-8.922091950302875052e-01
4.713107389654818125e-01
-2.830079892989927348e-01
-4.744344012877578232e-01
-2.927980327631118374e-01
7.066217069284146390e-01
9.038111226920693131e-01
-2.615805698274760102e-02
8.507383169355155206e-02
-5.222162312099504211e-01
-4.679007048916201950e-02
6.477603606194349828e-01
-9.925598907123507619e-02
3.104600725016820051e-01
2.118481016738957001e-01
-2.187946642186567869e-01
-9.359255470709894054e-01
7.972310834102097621e-01
-1.000000000000000000e+00
-7.763969475787955155e-01
-8.320589663581765688e-03
1.078699808346974820e-01
-4.516565345946751409e-01
9.310342454051026007e-01
-6.622886862208793302e-01
3.438908650069339573e-02
-9.799603185295808760e-01
-9.800881059070972734e-01
-6.664611114815046644e-01
-7.625290138656524996e-02
-3.835208849249697322e-02
2.572486059008437520e-01
-3.631685101334458654e-01
-6.921794209959497568e-01
7.313234092249127904e-01
-8.480130617134044035e-01
-1.468547132497346197e-01
-3.717100792635231743e-01
7.981986288511829786e-01
-4.543522202815247213e-01
-4.669435300091318575e-01
-1.553426158537010715e-01
1.849773987908884809e-01
-9.560819651728181823e-01
-4.625787932408530201e-02
-2.825562768193299878e-01
2.715598298786636167e-01
-4.057896795677894131e-02
-2.247344166982615521e-01
-2.370226022146758593e-01
-1.893486559099366306e-01
4.603617053886178700e-01
-3.868793185529501022e-01
-7.789719546961709762e-01
-1.962457319794671806e-01
-5.947128434607008574e-01
-2.124356464040693115e-01
-5.138226889244655871e-01
2.008786000782637471e-01
5.151020023575539897e-01
-3.658365936867020302e-02
-9.012695627533019727e-03
4.260606668009012110e-02
-2.560654516032812023e-01
-7.100776360841478674e-01
-6.146305795800743876e-01
-3.629283686909204887e-01
-7.594979415582286952e-01
-8.195540265222772680e-01
4.201755188180297806e-02
-8.914271836909082314e-01
-9.699385742172408342e-01
2.793609130224973813e-01
-4.907535892314540127e-01
7.558797570512926223e-01
-4.904299888318233713e-01
3.152924125867453409e-01
-2.725134618611112572e-02
6.647837951817419100e-01
-2.696788941760119296e-01
1.008585661485269652e-01
3.021659894061878293e-01
4.098289400815077199e-01
-3.075751367185906027e-01
-6.603583345295032103e-01
-2.305347824078985142e-01
7.285512406622479675e-02
4.562195581986686066e-01
-3.469957404520284117e-01
4.475321532529949464e-01
5.824189985616236021e-01
4.545032903527669865e-01
-8.128885378185687349e-01
-1.000000000000000000e+00
4.557812791338126113e-01
-4.608837600266925127e-01
-1.981393975204186475e-01
6.306657212776580756e-01
-6.683339420737548497e-01
3.841444380944645798e-01
-6.642770336706178558e-01
-6.173113008790795941e-01
-4.564595457351769414e-01
3.876006930748920332e-01
2.340231517198111399e-01
-1.482596004015866997e-01
4.250775865845750345e-02
-4.565584017893518087e-01
7.561509295330008651e-02
-5.539356747490749022e-01
1.000000000000000000e+00
2.416541790863569600e-02
-2.672437919262047323e-01
-7.725666096675276595e-02
6.110884943099381683e-01
-6.469094211677400841e-01
-2.869844990396593909e-01
2.328820448960002010e-01
1.080644738226765045e-01
4.398682017532644095e-01
-4.767951991186609173e-01
5.435669057330337617e-02
-7.700553065625760363e-01
-6.353251422005644633e-01
1.762070001046675827e-01
4.339547436923224533e-01
8.403304969238503119e-01
7.084067645200914365e-01
3.484056629007620809e-01
5.881750902918357893e-01
2.143941811721366275e-01
-4.807386297544398168e-01
3.185749051586849734e-01
3.794611721614857963e-02
8.278202787093221771e-01
5.780522193242133566e-01
7.944342054629486283e-01
7.727285343811922669e-01
-2.730879338101855902e-01
3.404620314912810142e-01
-6.844092165013605511e-01
-5.241924803102148145e-01
-3.523645122709690575e-02
1.931045829560507632e-01
5.836981319217844355e-01
-3.119552492356969520e-01
-9.367369467596351473e-01
-4.100313342921174109e-01
9.518899859232033966e-01
4.121100526100276995e-01
-1.222748021543426100e-01
-9.795192255431279804e-01
-3.826767240998776853e-01
-2.744121712128838042e-01
2.923041664388559280e-01
4.718366899422536398e-01
-1.990992076042168157e-01
8.269751197495571748e-01
-4.597826168103309463e-01
-2.302493878177933329e-01
-7.345909792689017115e-01
5.692979873158841020e-01
6.144334093494505655e-01
2.479896236241648511e-01
-8.830867559546307088e-01
-3.556778763077798056e-01
9.879694959815709110e-01
7.071055044569418691e-01
5.042895564650951012e-01
-1.685975206070130517e-01
4.218533356771154152e-01
-5.271674582792383879e-01
2.798600106998684889e-01
-3.437310820286635926e-01
-5.923044632342987503e-01
-6.323326961129195345e-01
-8.844527725782797001e-01
-3.443798541431792870e-01
8.186062263890199198e-01
-2.983120070933394374e-01
-9.254643070241103109e-01
6.105613043240079030e-01
2.566541754368116268e-01
7.200077182610236104e-01
-9.060114409859082452e-01
1.009276280427931910e-01
1.417750490553736364e-01
6.092585432165272818e-01
4.211713514676710957e-01
2.658805825882467055e-01
3.859837065898567565e-01
9.947444136730884123e-01
-1.023813194460058140e-01
2.741536004613691624e-01
-3.641825805333592236e-01
1.928979793654512220e-01
-3.863338595720440805e-01
9.201105920144288242e-02
3.637011916897562869e-01
-6.496898492692474436e-01
-8.393204629938576522e-01
-5.770215462071606183e-01
1.000000000000000000e+00
3.418223249655221729e-01
5.804139060229854818e-01
4.457374848610058948e-01
8.535955515230163604e-01
5.799456618198250979e-01
3.730216207280227514e-01
5.633469554867028828e-01
-6.164860044719672194e-01
9.054159961617500585e-01
2.487626185690869074e-01
1.553203008941898278e-01
-5.588769646166094063e-01
-5.242797561126066874e-01
7.418268644970333892e-01
-6.069462508283484520e-02
7.436198608779639452e-01
