5.714346657233606575e-01
-6.215302105005741234e-02
4.611656225021670830e-01
3.784325707490496793e-01
3.560556657354946308e-02
-5.037239134146573871e-01
1.244555007364671513e-02
2.257766960637822562e-01
-1.375540330238616549e-01
3.753609666646399723e-01
5.450313194167123454e-01
-2.321744604845192850e-01
2.996908716776316428e-01
3.641147180172221720e-01
-6.771008929401017840e-01
6.766428907524930647e-01
-1.086787741189561285e-01
-2.402785182986450774e-01
-9.234344309208225576e-01
-5.268185894773897981e-01
-6.677008272255552379e-01
2.959192622850488896e-01
1.000000000000000000e+00
-8.525121954528683821e-01
8.446556925402566307e-01
-1.341724686400481426e-01
1.680668736301489941e-01
7.767082842499280215e-02
-3.572515690522207188e-01
-7.806167627890088223e-01
4.805848321306420701e-01
-1.386110517464691771e-01
-6.359445942649494254e-01
-3.055619547438700456e-01
-1.776303278825618337e-01
-6.109281235681623956e-01
5.145819008078551526e-01
-3.980204076581098649e-01
6.916639385134377704e-01
9.542822758108475689e-01
3.126322704971867261e-01
7.777923449806261047e-01
3.924777022005707106e-01
4.464101788197478160e-01
7.724378473813356405e-02
2.351468010299398795e-02
-7.719697751929688323e-02
5.145588251364370258e-01
-8.363028972337493983e-01
1.000000000000000000e+00
9.424416592358034750e-01
4.163065236300333427e-01
-4.909566852722526131e-01
3.190702512078146258e-01
4.979887190438033739e-01
-1.364051292288535333e-01
-5.907438707787452392e-01
3.313831179970735952e-01
6.986798570789741758e-01
-4.896040187916427255e-01
-3.152595220457023450e-01
-1.530588642533299015e-01
5.920408820657476756e-01
-8.314105052303657484e-01
-4.623277842930743620e-01
-6.566673224288667177e-01
-1.296923430253804077e-01
3.890073582604388069e-01
7.341038498199388140e-01
-4.053562495072214333e-01
-8.364264478469383146e-01
8.323072586387285365e-02
4.820159591815434408e-02
4.872198457321224030e-01
2.085522415511792405e-01
-1.000000000000000000e+00
2.147122633919575641e-01
1.352113053039680490e-01
1.601762907050213458e-01
-1.496085060121950527e-01
2.909346639547202296e-01
-1.852332472039298072e-01
-2.748913382316302625e-02
-5.918132606258014183e-01
5.358836155102146837e-01
-1.000000000000000000e+00
7.391454806978537961e-01
4.481769126916052004e-01
-1.584697301848297379e-01
1.990083214373158382e-01
-2.188362167461810337e-01
-1.084353255834112906e-01
2.050566521849503665e-01
1.253262057163114784e-01
9.526270083820761458e-01
-1.350662100388435316e-01
-4.821584782052687479e-01
-9.368707524929018593e-01
8.353261380599171781e-01
-4.387231894529982079e-01
-6.248469026835753448e-01
4.287255057633823641e-02
2.555925128744784280e-01
-2.135773004463715763e-01
-6.163939275098379023e-01
-7.755036687267787832e-01
-1.349829267659750746e-02
-8.138490690116828574e-01
8.609493190033179477e-01
9.548622080670613466e-01
-2.971107581104273643e-01
6.369855973429472407e-01
-6.072858591897708491e-01
-2.172507379453691434e-01
1.682487159751107075e-01
7.516425948388910649e-01
-5.397519554104441841e-01
1.269373717895824205e-01
1.300364109089026908e-02
3.642872382188947489e-01
5.591053278983648678e-01
-5.437365979441293904e-04
-4.299589156111521121e-02
-3.905970609468856214e-01
-1.000000000000000000e+00
5.160251533168279670e-01
4.916332582119309347e-01
1.835296112306505356e-01
-8.603069741197888476e-01
4.113376223809348531e-01
2.545875785270429459e-01
7.631908855291081872e-01
4.699237324575821217e-01
7.027516815022450958e-01
-1.474323503947142233e-01
1.659819176655558115e-01
-2.455268502288606436e-01
-4.156134321734205050e-01
3.112722963274482391e-01
1.047588506515188395e-01
-3.481840370490015268e-01
1.594107488623505708e-01
3.618647145393874553e-01
-1.000000000000000000e+00
-2.177233924783714414e-01
-1.912428577557739595e-01
4.319754775982087569e-01
2.702064022564830692e-01
6.438810249544820730e-01
8.049986395351447221e-01
9.728209234439010034e-02
1.910453181493252661e-01
-6.109459272724089285e-01
-3.081464149315505940e-01
-2.154381946395302061e-01
3.690351932875263197e-01
-5.779571700845961141e-02
-8.079092592424490238e-02
-7.419781352675525188e-01
-6.620165683453635985e-01
3.981470297097977062e-01
-3.970073989021631888e-01
-2.301109206682037944e-01
-4.709842544644515239e-01
-1.000000000000000000e+00
-1.877496500871720098e-01
2.933097292603027983e-01
9.536130194190823861e-01
6.658876034113633824e-02
-1.547791808668304292e-01
6.307117894405370739e-01
5.614041066064809904e-01
3.420111040246343048e-01
7.687426841972450076e-01
3.846677052854229062e-02
3.444591154600301630e-01
6.902403243614168016e-01
5.787530484803288938e-02
-8.306973990864265911e-01
1.000000000000000000e+00
5.337670535912844016e-01
1.373643160882352388e-01
-9.658953112139871955e-01
-8.526084762858676669e-02
-4.645688149982317716e-01
-5.893923300148370403e-01
-7.886295291532811058e-01
5.527602495288057582e-01
1.000000000000000000e+00
6.557583034464842253e-01
-2.419601996409728728e-01
8.057154523502549903e-01
-6.357497409581980286e-01
1.844733104126611845e-01
-1.388231580701400070e-01
1.226319833838397239e-01
3.722680753004794507e-01
2.704870335664462666e-01
-2.781339684545285906e-01
-5.688872362218112128e-02
-3.058606959190178776e-01
-1.851027132406907194e-01
-6.427808013438158774e-01
3.389361689573748282e-01
9.350906432528368617e-01
7.077004060621859827e-01
9.166259137680142846e-03
2.443746625945581175e-01
6.267450896312116715e-01
-2.146683576473031874e-01
-3.736004181675485480e-02
7.877794648123233323e-02
3.910764982392950229e-01
2.657487988169024429e-02
2.787291084522557916e-01
-8.203219562098945650e-01
6.984124275451779607e-01
4.793095536096596554e-01
7.431628816984198194e-01
6.693907293893137656e-01
1.219495872403633385e-01
-2.149020241780058571e-01
8.247834562586817686e-01
-3.684660727707972372e-01
1.000000000000000000e+00
2.302667258374732628e-01
-5.285330618322628959e-01
3.312424728092900894e-01
-7.998878054981121144e-01
-1.652234449080452194e-01
-4.543430143090829154e-01
4.665077901343840927e-01
-8.097438462648318125e-02
1.012506597162364692e-02
3.816413212182319104e-01
-2.970147264889304028e-01
-8.870319694065398330e-01
6.382027666155245527e-01
9.849328930976666285e-01
-3.967147346647617034e-01
-4.912242180389994051e-01
5.351023337177818195e-01
6.080749443409160238e-01
1.724711672799912610e-01
-3.786018188679983743e-01
-5.192094778908793451e-01
3.052757671078468737e-01
-8.363755404914848812e-01
3.050800641061949814e-01
-1.485648859107461823e-03
-5.119504965281836961e-01
-4.366133598055667031e-01
-5.795956692767701979e-01
2.227046580079544702e-01
5.754002093410343077e-01
-3.971244514157737937e-01
-9.923993288040051652e-01
7.369924288780069777e-01
3.026431453582729136e-01
1.000000000000000000e+00
-3.532892511507366717e-01
-3.470302999420422224e-02
5.466791143465874470e-01
-2.977977384842198094e-02
3.958225428173827720e-01
