-2.870634360307151856e-02
-5.456785263813899167e-01
2.647541272509983390e-01
1.893630282088731576e-01
-5.039970094035243209e-01
8.065275108318371577e-01
-9.737036632174900230e-01
3.620267464690825610e-01
1.613903332117890129e-03
2.616172243603042680e-01
7.532150780462947282e-01
-8.322985364159534161e-01
-1.000000000000000000e+00
-3.990122300056366672e-02
4.691443917567740263e-01
1.464957727098986640e-01
-8.259440878135688724e-01
-1.479111631301418261e-01
-1.000000000000000000e+00
-7.466223299211280917e-01
8.854294631214739697e-01
1.733770656441527003e-01
-1.590478249620430884e-01
-3.577993816018155693e-01
7.736245013377550661e-01
9.883178754065419236e-01
-1.000000000000000000e+00
-4.323723619992097533e-01
-7.759715396163252565e-01
-1.995178659794048792e-01
-3.072415023964016889e-01
3.775234947318499845e-01
-9.444531052420729322e-01
-1.000000000000000000e+00
1.000000000000000000e+00
3.960804284881133674e-01
-1.502522354241183355e-01
-8.842290657713608448e-01
-5.678696684191411048e-01
-6.629582328089781429e-01
1.606651779926953350e-01
1.000000000000000000e+00
-9.884405871701329449e-01
3.150354506512548225e-02
9.736999944482577218e-01
4.314106329711241972e-01
1.213283122622825644e-01
-4.778235636943002906e-01
4.341129320601200825e-01
1.653251997285421770e-01
3.909996801872665795e-02
-1.299934618127540631e-01
3.120148506825546342e-01
2.792866573884555947e-01
-4.743157576889997507e-01
-8.112162159489465507e-01
-8.116208172346742744e-01
4.912370634394667285e-02
4.279847323792930758e-01
6.279093892242169073e-01
-4.588430089358672137e-01
8.249462348087305275e-01
5.859024995990348011e-02
-8.516607983976147711e-01
-5.243498392749494919e-01
3.586200997522848849e-02
6.202410011077400531e-01
4.613637374493821941e-01
2.335926533266227331e-02
-4.087385476640855164e-01
-5.387638070949927194e-01
-7.471266582380593491e-01
-6.326407544411971617e-01
7.190693492480219051e-01
-8.203572840508321917e-01
-4.443731201633809025e-02
5.743927927829566293e-01
2.734046704900399208e-02
-3.741052799340326973e-01
-4.270134677961695546e-01
1.201324733238557166e-02
6.848794601857821629e-01
-5.527760473083679349e-01
-5.364514116471804511e-02
-7.341310308496595827e-01
-5.249799891765869475e-01
-3.768283854327225124e-01
1.763489727749413538e-01
-6.596539701233735675e-01
-1.460468088648880503e-01
-8.520512853159117883e-01
-5.591339762802142177e-01
9.498572707377679336e-01
8.247596354616490988e-01
-9.120527682187214991e-01
-3.816392432562010217e-01
3.392718839024793653e-01
-9.320831504039158721e-01
-4.348879255761879392e-01
2.755449662686926815e-01
8.497010375246081271e-01
6.365235952614203274e-01
3.519114406120392724e-01
6.608772347372767753e-01
-7.919313786595638671e-02
4.937610203651311425e-01
-3.811983037660032214e-01
2.929920806625775920e-01
-4.453724830151262193e-01
4.725277988166618481e-01
6.649516307449258035e-01
-5.184691293370882192e-01
7.366729220687551205e-02
-2.348720735417846872e-01
-3.128006598722352094e-01
-8.904986857790313237e-02
4.523433712276319074e-01
-1.036747482729265951e-01
-1.860335038109617589e-01
2.767912903791672763e-01
-7.531391915026829087e-02
1.663398991283013273e-01
1.038686904859155297e-01
9.237252482342135362e-01
7.144830257926750028e-02
2.386015133823833068e-01
3.662214145438846824e-01
-2.153330730392192249e-01
-1.000000000000000000e+00
-1.311870714488212186e-01
-6.455474836418645390e-01
5.968684158861349287e-01
6.053429920760842187e-01
-5.525152205322110266e-01
-4.441201365899564157e-01
-5.933312830397982074e-01
-9.041412245560233041e-01
3.272152895262809280e-01
-1.625250826020302186e-01
-4.789188325176532701e-01
-4.550491945955587036e-01
1.000000000000000000e+00
3.231406210747155838e-01
2.907774368296849876e-01
-7.469008604330440448e-02
1.478762428054673228e-01
-2.800081558736262077e-01
-2.414230525180663112e-01
2.303684408525919769e-01
1.800062910682470041e-01
8.359419860669281555e-01
2.686337352384384758e-01
-4.798849917629545159e-01
-8.884472793086118925e-01
-8.690660255737336914e-02
1.861187957820474026e-01
7.034979884301389985e-02
2.612014591348358894e-01
2.994538720062998038e-01
-5.697458540453366194e-01
-4.515488128187883365e-02
9.620085681232593000e-01
4.289241292168666231e-01
7.075074550416340369e-01
1.893314291016305606e-01
-4.632825583649080037e-01
-3.810843613511640804e-01
-7.963926384265114233e-01
5.240073834943081987e-01
5.973550875517705805e-01
1.867362753599994540e-01
8.920609533092790366e-01
1.703339275048291745e-01
4.656138479135910058e-01
1.040182385116610181e-01
-5.419432182267365228e-01
-1.448650986834939258e-01
-5.864467640740305132e-01
6.882880275794861502e-01
2.679470515779238671e-01
3.908948398156037451e-01
5.288464811787182418e-01
7.257035610030204698e-02
2.221505370252228606e-01
3.361986933476092676e-01
-1.448754847838588378e-01
1.366450813989835700e-01
-1.000000000000000000e+00
5.103764551198793908e-01
-6.971092970709540371e-01
3.387758931556762443e-01
-4.169667984696179969e-02
-2.247978641073182515e-02
-4.595712658537189910e-01
-4.817370653549958304e-01
-8.203239067981989985e-01
-2.842942555745256450e-01
9.123629281862875029e-01
1.325456233486008439e-01
1.171292185148234827e-01
4.545639569781353417e-01
3.219452610050419494e-01
3.193954966065082890e-01
2.446795056300007098e-01
6.636600697942627303e-01
3.676919356414855566e-01
6.283092741811764637e-02
7.729214953656057263e-01
-9.492563390539069390e-01
2.933640573885561986e-01
-6.385436578506756833e-01
-5.760055072403887921e-01
3.881014903090872492e-01
7.607746269666442185e-01
6.212992482701242825e-01
2.394358667513356020e-01
-3.846030272736267186e-02
1.458193981220563262e-01
1.965095047399906536e-01
4.941501809506641529e-01
3.072500875342148996e-01
8.480064007889330790e-01
6.986997255201312651e-01
4.255294045704236527e-01
8.349970368447395819e-01
-5.618436188477159421e-01
-4.544836692418078861e-01
4.528082512539722826e-01
-2.755510024202421082e-01
-4.193889226749923371e-01
2.202976530067060970e-02
-3.048160838214170609e-01
2.765147770875717725e-01
1.616652470965141419e-01
2.942117801832055957e-01
-5.575497136802692877e-02
5.372520932081775724e-01
-1.286325877176038024e-01
5.606568498888566676e-01
3.230741832218995691e-01
-8.425697313982365433e-01
8.418944574194299202e-01
-1.839788285701763129e-02
7.254304062845639001e-01
-6.389989080571050195e-01
-8.909630316606409473e-01
5.624931535153411544e-02
4.671869547809931467e-01
-9.326924632350561684e-01
-8.677250948794852370e-01
-6.496655657768430903e-01
-3.951937494100883352e-01
-9.038788947734103241e-01
-4.277255998282727401e-01
-7.355616008980686571e-01
-4.858798528886965618e-01
-1.000000000000000000e+00
1.529651622391806909e-01
8.445647634058759401e-01
-8.677720958463412959e-01
-6.838109628199680046e-01
-9.333552869760168846e-01
5.550780668179436939e-01
1.000000000000000000e+00
-2.800867256644491987e-01
