-6.129036090215180810e-01
-4.974965426284647108e-01
-8.742976860047902976e-01
8.951042972797734754e-01
-1.322351140993239804e-01
-3.940512574994166628e-01
-5.562279580878346508e-01
-8.476695683412960314e-02
-9.906604389373534492e-01
2.519134964105864127e-01
-4.394581835810201786e-01
8.819935656208536257e-01
-2.195251035417772681e-02
5.995979533728308386e-01
2.764361667012558144e-01
-1.118876957861214549e-01
-7.975628105460871309e-01
-8.166649343174030573e-01
7.148469775216079181e-02
-8.320079131265429861e-01
-1.000000000000000000e+00
5.598613372098211194e-01
8.445355353947451293e-01
5.575161676441698910e-01
-5.997363393390608977e-01
-1.231479389236246093e-02
2.431559701148010288e-01
1.109313561658084035e-01
-1.000000000000000000e+00
-2.100656851453928109e-01
7.851000640504759431e-01
-4.481856240590100238e-01
4.309177260147667443e-01
-1.923073109927186108e-01
-4.442771738580335028e-01
4.174457581789194349e-01
1.335009394454100551e-01
3.745475179445543201e-01
-1.818911792348194834e-01
1.000000000000000000e+00
5.260737375225311707e-01
3.692210586040955370e-03
-4.693412388980215955e-01
-1.395630803835426828e-02
4.645270147076532297e-01
-3.553532936259860553e-01
-4.339535551210322306e-01
1.191254247144343664e-01
4.405539763492741789e-01
2.238193669641243833e-01
7.747528690419529240e-02
1.736669494499616662e-02
8.711738533182204758e-02
-1.142840843079980795e-01
-5.749478468996938041e-01
-5.099083406322099110e-01
9.337861740687100065e-01
7.322931496529816453e-02
-6.860738645889350451e-01
2.137242021743130105e-01
2.645448911326100383e-01
-4.789946906413348748e-01
-1.883099622672138873e-01
3.326624339092196792e-01
-7.356462710625275569e-01
4.067360286690400728e-01
5.645449075882901235e-01
5.071154972069740197e-01
2.333677052846123701e-01
-3.519332101977774158e-02
1.164015334521976142e-01
-5.696137600126366385e-01
7.513116534526359525e-01
-6.752023944822868051e-01
-6.499026300423778046e-01
-5.071104184057857456e-01
-1.507512092086214783e-01
7.200302638680584622e-01
1.000000000000000000e+00
8.611910706447191144e-01
5.114421657300766144e-01
-2.610018230050039079e-01
-6.942335632580768356e-01
1.527267920770779830e-01
-8.729899525215835121e-01
-5.610714516076076297e-01
9.113605041047601052e-01
8.274112898562020479e-01
4.081861163607464205e-02
9.533231359686363815e-01
5.793159379618052079e-02
-6.001480381185917423e-01
3.175370331393774781e-01
6.842018051150526858e-01
3.455344356982481546e-01
-5.684976502154386324e-01
2.279492086221763525e-01
-6.184655614089493714e-01
1.875058239320148423e-01
3.510363321245101864e-01
8.989938189789739020e-01
-8.228740973492184585e-01
-6.052490640505231445e-01
-4.799524669057508297e-01
-2.887436008201186080e-02
-8.818987255402439551e-01
6.060813308341777006e-01
6.749360779549797851e-01
-2.313620073058539339e-01
-2.159916611266025216e-03
1.439869066523715158e-01
2.691096031890318277e-02
8.000749103052794409e-01
5.978267997168361658e-01
6.821341458569648575e-01
5.473302255658252236e-01
-8.653440906521274734e-01
-7.273852485006483404e-01
-6.746721148092252873e-01
-4.548234044625772965e-01
3.188558053943147397e-01
3.084309582152903184e-01
7.547238122641058977e-01
-6.647007202881018983e-01
4.571194537024046989e-01
2.099030303842016332e-01
9.559792970789471322e-01
-3.679145151563265603e-01
-8.769580045604731533e-02
4.179921750549141501e-01
3.349838716515222137e-01
3.745416161342809969e-01
-3.959164999334297552e-01
3.292157187032943369e-03
9.694416181900069596e-01
7.075913483833380369e-01
-5.922956187933876571e-01
8.285498028847553265e-01
3.006070364343429446e-01
-7.851165026435850125e-01
-3.537646883883291404e-02
3.849719887235267170e-03
8.215640897064510062e-01
-3.405629088392983506e-01
5.750331310251179939e-01
1.406591882626436474e-01
6.930559570427555216e-02
4.042422022285158123e-01
2.554196597556067094e-01
2.019129940202302742e-01
-7.836565899765782772e-01
1.761333474639317775e-01
1.519065249019362074e-01
-1.000000000000000000e+00
7.155581907162830713e-02
6.358451942901841569e-01
4.416333499690303643e-01
-7.960288909886008568e-01
-4.596790907109724739e-02
1.000000000000000000e+00
6.972115048232285783e-01
4.500788921494921491e-01
-4.033460364870238846e-01
-6.422054388405944447e-01
3.250002519717563043e-01
-7.913527881252694351e-01
-6.340483086249303346e-01
8.919164769508919344e-01
-3.789524023907513417e-01
-6.036988612609504173e-02
3.108982404641820185e-01
-5.282890134571485152e-01
-5.689162928271913611e-01
6.795416100997068165e-01
-2.794448089556140769e-01
-1.030854255239063710e-01
2.528809980903076182e-01
-8.064526487001686395e-01
9.919229526240348482e-01
8.867236271806885339e-01
-4.281318988013569360e-01
-8.557819665272868859e-01
-7.457303623616358124e-01
3.718009804600768548e-02
3.100515488333589476e-01
-4.624101209773404664e-01
-8.399612006996974578e-02
-9.131171553568430133e-01
2.490718908300390555e-01
-3.075805264449333332e-01
-6.566999863323477182e-01
5.802969002096687312e-01
7.821361160355868591e-01
1.968638195186032669e-01
-8.770339647145448669e-01
5.277316263846510980e-01
4.983483799148408222e-01
-7.391593716139598369e-01
1.409386501952586135e-01
-5.061820943313868337e-01
-4.037105198570895559e-01
3.483992682407970887e-01
-7.065213201407454235e-01
2.964043214215698052e-01
-6.080433420716150339e-01
-3.730672200112420955e-01
-6.093474492761193906e-01
-1.473188515243984698e-01
4.307728291875540655e-02
-3.226457412332131569e-01
-7.857621676215964523e-01
-5.665047902307961403e-01
-1.523004685259393420e-01
-6.384100019786392854e-02
5.770445637479224565e-01
-5.172187224632278646e-01
-9.076339638588019065e-01
5.825506881462075848e-01
9.414361526687057280e-01
7.019382759158349083e-01
4.954264913281441474e-01
5.002709535181731892e-01
2.505524784466584554e-01
7.154860694498972606e-02
2.769915349569753715e-01
-1.403173697472363257e-01
3.976183034702832075e-01
8.086762807298849554e-01
1.368742107435839128e-01
-1.825719363671656492e-01
-1.000398993291259087e-01
6.527848494088243081e-01
4.949305613497703149e-01
9.265860051599660308e-01
5.132751960722072848e-01
-7.791203090077574167e-01
3.820651942086732977e-01
-8.696750489601078049e-02
1.243538370857889819e-02
-1.075772712113326479e-01
3.309061058974107072e-01
9.102832117782854171e-01
8.583962478242792571e-01
8.848296520222754813e-01
8.433819374042974548e-01
-1.000000000000000000e+00
-8.150479494652902446e-01
7.481409729198452985e-02
3.641059847104751723e-01
-1.429999390856503128e-01
-1.932954683161070344e-02
-2.744066029217743785e-01
5.389864948576164050e-01
4.050105804769254525e-01
-3.003481322980446344e-01
-7.973090393597617176e-01
6.460897251297825772e-01
5.426958011601432652e-01
7.140918618606362234e-01
1.926027852940036256e-01
1.331131913677541800e-01
-5.981740221897503540e-01
8.607624547158925221e-01
-3.277313966674162971e-01
6.358362177105819635e-01
